1 2 0.1667333283308935
1 3 0.6474888889947289
3 2 0.7908553922720265
3 4 0.916322784277863
3 4 0.9573395870374314
5 3 0.18396875231717946
5 3 0.70207947190279
5 6 0.685816470054268
6 3 0.5457968190093836
7 3 0.616762126563947
3 7 0.9602193612881079
3 8 0.8164591673313469
8 5 0.9665884389273017
9 3 0.09018548055235576
9 5 0.9030632302944335
5 10 0.13908294832263912
5 10 0.19645382416005375
11 6 0.9678397181672702
11 5 0.06223336127273327
12 4 0.9126690153307572
12 6 0.8873973116500543
13 3 0.7327282931390454
5 13 0.42636821702245287
5 14 0.5501201666517326
14 3 0.730819347274626
9 15 0.6663805065850726
7 15 0.114818342553196
5 16 0.8096279498472098
16 3 0.19382858774120582
9 17 0.9716813021210531
17 3 0.7902698048374852
5 18 0.23228166090015634
6 18 0.6897397267563546
19 5 0.593058216193085
17 19 0.47764055262164373
3 20 0.6835791628567578
17 20 0.3146386164652939
7 21 0.5098874710933103
21 7 0.4128819528757047
3 22 0.4037059294292603
3 22 0.2482774804854193
23 4 0.8861642036356101
22 23 0.123919137465344
3 24 0.8064752529914087
17 24 0.6504153644985938
25 4 0.09064234077307409
13 25 0.14884179030292954
13 26 0.5950939908269702
26 13 0.7900420775849599
27 4 0.9369169418587316
27 5 0.22822726289435358
28 25 0.29429588112018656
6 28 0.44879686882161685
3 29 0.7499797504210777
29 7 0.8045621247303952
9 30 0.6277993645484098
30 23 0.40089418395642396
