2 1 0.4702664007926578
1 3 0.8932217482307383
3 2 0.39112407232179225
3 4 0.37831810455531867
4 3 0.48244134842498887
2 5 0.2712313240690216
3 5 0.38338738836530517
1 6 0.8184622911430581
2 6 0.3602865349671782
6 7 0.45844430140468373
7 3 0.530768098815221
4 8 0.8641849014320849
3 8 0.7235817837662188
2 9 0.6165207553155366
2 9 0.39688799400093444
6 10 0.2877189765985765
10 7 0.48465600590897695
1 11 0.6695369498308764
11 6 0.06981520734924163
12 3 0.441505062031913
5 12 0.8649410691063001
13 3 0.7006740597170411
3 13 0.6848508613398617
12 14 0.6356662598408331
9 14 0.17579961093277907
4 15 0.7461007581198434
8 15 0.1932983183701672
3 16 0.49141661484802523
16 3 0.31297522880881956
17 8 0.10446688807335613
3 17 0.9512423749929065
3 18 0.4448231786643898
4 18 0.7868855647103503
3 19 0.17215857571598914
19 14 0.5657521556324289
3 20 0.4620567946515317
20 2 0.8634113552298929
2 21 0.9166989228706413
10 21 0.9208093827682472
22 4 0.8810003143903308
9 22 0.113128460559627
23 3 0.9840771148656255
13 23 0.4735070047647508
24 2 0.9425232176901162
24 9 0.9553749286871354
25 11 0.2833040366483196
6 25 0.6247155339129785
26 4 0.3058855645513885
3 26 0.6527461100447041
4 27 0.08711883187975544
12 27 0.7163296066945688
8 28 0.7929752400287959
3 28 0.8016629017608148
29 10 0.8883878913303146
3 29 0.208719290769261
6 30 0.6721572079780956
8 30 0.33596052419603084
31 14 0.4688242075219514
30 31 0.3147075234170357
32 2 0.4978059095910671
32 12 0.2331168577830396
33 13 0.3832447501247026
33 3 0.19582413716203628
34 25 0.0655711464948221
34 8 0.1444251133683101
7 35 0.2895767350934323
35 21 0.40408853494290464
35 36 0.7789517120626284
36 27 0.12007276825391677
13 37 0.37767771477703893
32 37 0.8222481629014924
38 3 0.07889874864996282
38 6 0.02339556903914164
39 2 0.5017403278957757
36 39 0.6447651628985573
40 2 0.7328481926574397
13 40 0.4016237161292443
41 10 0.7772603670474841
3 41 0.13707387511558156
42 4 0.8245008096686622
42 3 0.4189669494576903
37 43 0.2255379796801663
4 43 0.3657900650281787
5 44 0.6586507784227024
44 13 0.9050957318502164
3 45 0.08812763284835268
45 10 0.7207672378742155
46 43 0.5174481700460793
46 3 0.18951247261443127
11 47 0.5955471750777253
47 6 0.27092103417230495
2 48 0.7844216912578249
48 16 0.1839138487195262
49 10 0.6465292677027777
49 42 0.56766455871328
10 50 0.6792468363225974
26 50 0.5522619947490411
37 51 0.10489631034476044
5 51 0.3309816006878341
52 13 0.2724338579686657
4 52 0.5733464225071592
53 2 0.16665663673650977
3 53 0.5931735505391728
54 10 0.5143458029733168
54 32 0.5041440077966495
55 23 0.035038447559774366
55 4 0.04030545470376401
3 56 0.7297613405146458
56 3 0.6636660775707581
44 57 0.30195012987368586
21 57 0.24298063919333868
58 5 0.8040009894624687
25 58 0.9269729108732382
59 2 0.05169595667803917
3 59 0.5380438626610519
3 60 0.5160462763148109
32 60 0.7023168557713154
61 3 0.5936978183633626
57 61 0.07068974254745009
62 12 0.1750669713922276
13 62 0.8985311153567644
63 6 0.01340823371097466
3 63 0.9973574385687106
27 64 0.723379045187691
64 23 0.7824123335472343
65 12 0.49276485965804284
65 50 0.6295723147460378
57 66 0.1442187398849165
66 16 0.6487413827088508
27 67 0.598150410181296
41 67 0.5319899583600843
68 18 0.8508847814170913
68 2 0.48668452621676717
69 14 0.8465577971963197
2 69 0.060575221300984805
70 29 0.54422416956671
9 70 0.8105444870934314
35 71 0.9492304520151174
32 71 0.7637913243562957
2 72 0.5765499641661417
24 72 0.2438218784062276
73 46 0.3026755971687315
73 55 0.4268891367039914
3 74 0.7242006500100953
74 19 0.9163359389929526
75 40 0.320940543378734
2 75 0.6666947873739177
