1 2 0.5163306649967789
1 3 0.0722205001945686
3 2 0.18557309333764704
1 4 0.34467919619074816
2 4 0.5766910492365714
1 5 0.7337716514836168
5 4 0.5045019908358903
6 1 0.9385153223832731
5 6 0.9333338487886532
4 7 0.06741503504998725
1 7 0.6813914586271919
8 1 0.0474358567673393
8 2 0.6010316511851751
9 6 0.550269816369395
9 1 0.877333040012562
10 2 0.9700676736476752
10 5 0.5384231027063922
11 9 0.7658672376926136
2 11 0.6172464335933635
2 12 0.04730517171889026
12 4 0.6372143537644808
12 13 0.12794248716609158
13 1 0.7053299585364449
11 14 0.9409428843372606
7 14 0.11767915591899625
8 15 0.40293264831490694
15 1 0.04682275488342802
