1 2 0.08006599367074352
1 3 0.5556659303499596
3 2 0.876069517598428
3 4 0.690977247063327
2 4 0.3150479202649761
2 5 0.934480476952073
3 5 0.027994765571368596
1 6 0.2295256407817593
6 4 0.9964987541430623
6 7 0.45016880462265163
7 4 0.9417542215859062
8 3 0.195669780916374
1 8 0.07615807900637062
7 9 0.038099792963156354
8 9 0.16986440932971836
8 10 0.8192297378725892
10 5 0.1550500213649254
6 11 0.1393371911250083
11 4 0.12057945115058855
11 12 0.22828745958169971
12 3 0.8003090552843738
7 13 0.3582402193781048
4 13 0.5400046411259083
14 10 0.8838085170031711
1 14 0.830847229063205
2 15 0.2684343759007257
7 15 0.7757650794331185
4 16 0.30823990092006126
16 7 0.38522387675412106
4 17 0.33423659744807754
10 17 0.1922850322914076
18 8 0.3873170119424122
18 3 0.7395270951131052
19 4 0.19513132701400349
11 19 0.9921316703290124
20 15 0.13322666671613592
20 6 0.6116628233655478
4 21 0.7639913364035675
9 21 0.029074150847052338
22 16 0.22421150701231596
22 6 0.9318921626208676
23 21 0.0843136193919618
23 9 0.015110283647153167
24 3 0.11024829965412475
6 24 0.39167047454378556
24 25 0.11748861336215155
9 25 0.8683566579379102
26 9 0.05421605497742288
26 16 0.3591157559975623
4 27 0.005890825422043111
27 2 0.7185770491819818
28 4 0.5134231926033972
24 28 0.5119293204533277
2 29 0.6231109084851355
29 4 0.2814222299786556
23 30 0.5430765916233452
10 30 0.6082591496561653
3 31 0.4240384994029788
2 31 0.23472772076589865
5 32 0.8590298978907845
10 32 0.8532568261041966
33 9 0.15745761416695803
11 33 0.3088960225405014
34 7 0.6793649256657509
34 14 0.6077453712712649
1 35 0.21872027260184568
7 35 0.17674354279894133
36 23 0.14695123879510774
36 9 0.19999383910439839
19 37 0.2630395369185031
37 16 0.7047840420107345
38 5 0.516245591911787
38 6 0.4858501304805769
9 39 0.4116018235219142
31 39 0.46148701786746715
7 40 0.24757896828730452
23 40 0.3318308701533895
41 20 0.5590998427928877
2 41 0.48417480737863305
31 42 0.5069968590442164
4 42 0.1160629317358367
43 2 0.13235585434154173
7 43 0.0013051960209717883
16 44 0.4256591217042509
44 4 0.5724046136776509
45 16 0.09239167743615861
45 43 0.9350178321977041
46 23 0.3329261639304585
46 8 0.3149260442552281
10 47 0.05796653489863923
47 31 0.8662373590893925
48 2 0.5572061450859869
11 48 0.8686061044476818
49 3 0.9503083551392892
49 48 0.6020339033099112
50 2 0.8578170419995542
50 44 0.4155718258476846
15 51 0.4184508423405354
51 9 0.2986609564149131
52 44 0.9306073006907933
9 52 0.9080123646827776
5 53 0.474808939703512
8 53 0.49247285573206845
52 54 0.8434066081835843
54 27 0.5399552074103756
31 55 0.7957281103740886
55 34 0.09881644693656333
