1 2 0.19375342271282947
3 1 0.8608059769795517
2 3 0.3359359663969861
4 1 0.3810108784607277
1 4 0.2063644869477953
5 4 0.045416250603611985
1 5 0.9438388735466948
6 1 0.6883611043864704
6 3 0.8808686775056466
7 3 0.4263477301779367
5 7 0.04651381274453581
4 8 0.976630532126147
8 4 0.8205881829892124
1 9 0.43327395068860153
9 7 0.6762544680856353
10 4 0.6577947879317969
10 1 0.6129569008265794
8 11 0.43148735214290634
11 1 0.8030394269550306
12 4 0.16982294882314675
12 11 0.43680149436976257
13 4 0.5425241427016111
6 13 0.8602217630824971
14 7 0.46883827059213856
14 4 0.8113697884287575
1 15 0.3122664981842074
3 15 0.4662085571616553
10 16 0.20534021285343473
16 13 0.32478941621363877
4 17 0.3872716235423508
17 11 0.8832839292009539
11 18 0.6968012043678717
18 11 0.6524878947476181
4 19 0.7626990881379501
19 1 0.30507446433168717
20 7 0.11927599657716026
1 20 0.8399373404120855
13 21 0.6968690194386586
5 21 0.04775306398458168
3 22 0.4260050676741268
22 1 0.7219567051610003
7 23 0.0017692238039500596
7 23 0.5452470180629522
24 13 0.2559149644531581
24 23 0.09922665639875361
25 13 0.7116512153134307
11 25 0.5460263895086432
7 26 0.47015211118956746
23 26 0.04911706884232825
23 27 0.4607574996967698
1 27 0.780731358348925
18 28 0.11394347115211134
28 18 0.5978098949900574
23 29 0.7691830664244639
23 29 0.5251889491026599
4 30 0.21083216796322046
30 7 0.86544325678899
