1 2 0.3187712358795297
3 1 0.7124009551532433
3 2 0.7862799993409227
4 1 0.7733413755511145
1 4 0.4782679236672772
5 4 0.008803698234593593
5 1 0.30745527442968623
4 6 0.016032370274209562
6 3 0.9661794342586336
7 1 0.6289040081862253
7 4 0.36249402525472807
8 7 0.30781035510276067
8 6 0.902176068635228
9 7 0.1854748281691757
9 4 0.8762200731884549
10 2 0.5470972469795596
7 10 0.18262197774110955
2 11 0.9657117758820835
11 6 0.9029232182508049
12 7 0.9336935137380742
7 12 0.9728489021167699
13 12 0.25377588737262136
12 13 0.2635460324692699
14 7 0.49682193410216857
7 14 0.327509756887122
7 15 0.5098870053472231
4 15 0.9190716169458671
