1 2 0.39308185181173816
3 1 0.5508149937557825
2 3 0.4130150461683284
2 4 0.039996328420926375
4 1 0.7760328810658099
5 3 0.06095576236645639
2 5 0.22819011711333126
6 4 0.4639583140268817
1 6 0.4241210438521027
7 6 0.14302394574679078
5 7 0.026953830453636418
8 2 0.3008572639800323
6 8 0.3539170401340891
9 4 0.14998535795008017
3 9 0.1306300908674085
4 10 0.3422091100007084
3 10 0.6109750101866842
1 11 0.9635692743273675
8 11 0.6253308622880995
12 5 0.7099095594913771
1 12 0.11530040883811776
4 13 0.23780970233235743
2 13 0.6870531256451258
14 8 0.12386376316931302
14 10 0.3973573648352029
15 3 0.057661603762101166
3 15 0.5253078622858726
