2 1 0.6400505126974649
1 3 0.2697744084724486
2 3 0.8671932230752587
1 4 0.5352461783149478
2 4 0.8880947976818732
5 1 0.9743119164007259
3 5 0.7754113184004006
3 6 0.18226140046044814
6 3 0.1625937560024272
1 7 0.5394689688055753
7 1 0.3627367314711597
8 1 0.6944813013664436
8 5 0.31593821421450285
9 1 0.39734286499223037
1 9 0.7474216112640355
3 10 0.6297175822491742
10 3 0.21254701491011008
11 6 0.9589513827320683
4 11 0.2840624367710024
12 1 0.8140623120653543
1 12 0.30235633106244497
13 1 0.9484843939716876
13 3 0.048165839619692785
14 1 0.3965029329215758
5 14 0.8850228249001066
15 4 0.039789616441675
13 15 0.6913094447400718
16 1 0.10097319261278848
1 16 0.2504742629049074
8 17 0.5259938693437028
15 17 0.9691509728071716
1 18 0.37228296872806466
1 18 0.3464018581206352
19 3 0.958709882708159
2 19 0.933166313899732
5 20 0.9034591841690447
20 5 0.9955436507063726
21 18 0.9782320768632018
3 21 0.14769001599643328
22 13 0.323537265630221
13 22 0.18476538304217527
23 10 0.7099676809040663
23 1 0.1390924063816642
24 8 0.46208883513332566
20 24 0.3474626352756338
25 4 0.6786416625772397
5 25 0.23995224636954082
26 11 0.22134418009039847
1 26 0.6174958728223723
27 1 0.3331204801213553
1 27 0.1467503236653842
28 4 0.9243978009441091
3 28 0.9371489248013655
3 29 0.8207152828045104
1 29 0.3154095815966438
19 30 0.42359601210379616
30 13 0.3553762230742904
19 31 0.6895604878932777
16 31 0.02657222729103048
9 32 0.5493403933379486
1 32 0.9551637168887797
23 33 0.6687414052048076
33 3 0.9271701714551034
34 18 0.6094878074847849
33 34 0.957279358708829
35 1 0.5139956242932039
35 1 0.3847340244560422
36 12 0.606072290840083
18 36 0.31711169519371707
5 37 0.9080719257583417
37 13 0.3783608954012996
38 25 0.2751989817955197
38 11 0.9433082176618038
39 5 0.306597810238169
39 2 0.6249884316702908
40 4 0.8351397547511286
38 40 0.38253718737138387
41 1 0.18268505232033405
40 41 0.07907721087956154
21 42 0.3696314248174196
7 42 0.12391920586898963
11 43 0.2391768088143824
2 43 0.9964552007934293
6 44 0.13199475360082047
37 44 0.538810712741742
1 45 0.8225203822774929
12 45 0.17347165004816145
