1 2 0.9677403302403378
1 3 0.4056740685366583
2 3 0.4641702907887786
1 4 0.20635645758513965
1 4 0.6238432429303606
1 5 0.7729097971621809
5 1 0.20826857274917288
4 6 0.10477943922520261
6 1 0.7373100294413789
7 6 0.15170650649438155
7 3 0.07552090591211913
6 8 0.11910892300296283
8 1 0.7925839191682545
9 1 0.357457705813528
1 9 0.013633473243052308
10 4 0.21945888538180225
5 10 0.5204303978367285
11 1 0.9706706522875724
11 1 0.026588424478217743
12 1 0.473774518799463
1 12 0.04722649826982628
12 13 0.10383619594369986
12 13 0.4736355029480983
14 4 0.401726226238986
14 13 0.9998759017285642
15 1 0.9439815215989721
15 1 0.8811583370047419
6 16 0.5277390630741805
16 4 0.8809246742648511
6 17 0.25827754393289926
17 2 0.7583524671482846
18 15 0.42417058526070983
3 18 0.5351822440044949
17 19 0.673164815509447
8 19 0.9380417642445681
1 20 0.19589216427305678
20 1 0.3958759857928965
21 8 0.7737060737456533
1 21 0.9261212079289504
4 22 0.8908024364553115
22 15 0.6103610209930755
7 23 0.32991234980108475
23 1 0.47526627643836217
1 24 0.248748151866109
24 21 0.009516026370916197
25 15 0.39599042817603736
3 25 0.631238221613371
15 26 0.9673795251700006
26 17 0.47505997815606793
24 27 0.7088165034793257
27 18 0.045943278514148145
28 1 0.5982376698442107
28 1 0.6981313288429932
29 12 0.9727828458297102
29 6 0.2870216903315047
30 15 0.9564880702928881
30 1 0.7387950072990597
5 31 0.384605481444238
1 31 0.9769409542280925
32 2 0.5396059935684822
22 32 0.9009665770823477
17 33 0.7056125408345966
3 33 0.6715810143139824
10 34 0.24572299538626974
7 34 0.9682529275304268
1 35 0.11164951475476859
12 35 0.6391066739659206
36 4 0.6243093809625251
36 14 0.5704099509157637
13 37 0.3049469600558794
37 1 0.46103132979764216
4 38 0.0017862826050538683
38 21 0.08927510238145386
38 39 0.4397101079039337
15 39 0.2792663893718058
40 15 0.3668232855088446
39 40 0.1237640378811301
41 1 0.5516732970224373
41 28 0.4690544708500657
42 7 0.5741486189049625
8 42 0.9960760543137078
43 7 0.7073852009133185
19 43 0.560383576255008
44 4 0.14904032594194538
44 35 0.5707804905850526
45 43 0.048778435324465685
20 45 0.20773267144107033
12 46 0.9079965116955045
46 17 0.7906316175169277
47 15 0.47194344662325827
47 3 0.9506928965369162
1 48 0.37832093686963586
48 15 0.44135937976343775
49 6 0.5501923293910567
6 49 0.2339576022012475
11 50 0.37189915768657544
50 13 0.20324621327000758
51 14 0.9726908961387919
51 38 0.9849832338974684
52 15 0.36654339337471664
2 52 0.9276508474307209
10 53 0.6132222788611408
53 15 0.4565948646964173
54 52 0.24817892074910675
6 54 0.17752791228623532
55 45 0.9628043175255528
6 55 0.3239673241014185
48 56 0.5864729370766538
56 46 0.9375861091087601
53 57 0.2153037006912627
57 6 0.9989288967861054
58 40 0.46303724005695035
38 58 0.5586752479753805
59 49 0.7497111803707172
17 59 0.1425946067186037
60 15 0.45690080169764546
60 1 0.0979633283949044
61 58 0.8792898611197933
57 61 0.8661202702455273
62 3 0.7979776095998626
1 62 0.02231785573636047
63 1 0.9639708090828015
10 63 0.3047889816522118
64 1 0.5925487427541583
64 15 0.019149780931408178
65 37 0.750410360869779
65 42 0.3317671813040941
66 54 0.4810600108552303
1 66 0.0692470919485707
67 11 0.1550273887678062
67 38 0.5332062679462883
68 45 0.43108380451652706
27 68 0.5967939382411337
33 69 0.932348940818192
69 59 0.057591709304610106
3 70 0.8340231010751752
70 2 0.06923353070592886
71 7 0.3544764707784067
17 71 0.7938364239365572
72 4 0.01240354873743943
72 9 0.5415298288120753
40 73 0.5605053640272807
73 45 0.7739573893359829
74 1 0.5869343130022314
74 6 0.8098850618941055
8 75 0.025862017189658082
21 75 0.18278864714924425
7 76 0.5636961686573079
76 13 0.9364388279492876
77 45 0.1678654269066664
77 15 0.6421480468169866
78 1 0.6288419041070392
78 7 0.2692946668970705
79 22 0.11823797129491698
6 79 0.5484333014814301
74 80 0.14907450584775095
40 80 0.7016366948563679
81 54 0.9797066238337658
4 81 0.2734524235702238
53 82 0.7952772203992703
82 15 0.7648000242753675
83 75 0.8116797454676918
83 43 0.98484740202401
1 84 0.14905676523115807
58 84 0.7697624410703081
18 85 0.8957836080242061
19 85 0.08423122282568662
10 86 0.47021039900171446
86 25 0.9506897623889733
87 2 0.8617718798863588
1 87 0.6302453301472077
24 88 0.16778598728106675
12 88 0.18970647857219647
43 89 0.7984462945081254
89 3 0.6658431639354994
59 90 0.3218471191766408
90 11 0.028937619810615267
91 37 0.06371743555900378
25 91 0.3111258294317294
92 8 0.7495428874479441
59 92 0.75606182996806
19 93 0.2840875771239514
58 93 0.5436245931791984
94 24 0.312398986528987
94 5 0.2621973379705531
81 95 0.10877905650074238
1 95 0.2675050575176574
96 1 0.5370680235786308
14 96 0.6365904538844166
60 97 0.5052899810097201
97 69 0.9550002472460987
42 98 0.7553783718178181
6 98 0.6193184706058407
99 3 0.3547522857032006
99 52 0.6658369168937462
3 100 0.5932279452596715
100 98 0.5247409748709158
