1 2 0.1667333283308935
1 3 0.6474888889947289
3 2 0.7908553922720265
3 4 0.916322784277863
3 4 0.9573395870374314
5 3 0.18396875231717946
5 3 0.70207947190279
5 6 0.685816470054268
6 3 0.5457968190093836
7 3 0.616762126563947
3 7 0.9602193612881079
3 8 0.8164591673313469
8 5 0.9665884389273017
9 3 0.09018548055235576
9 5 0.9030632302944335
5 10 0.13908294832263912
5 10 0.19645382416005375
11 6 0.9678397181672702
11 5 0.06223336127273327
12 4 0.9126690153307572
12 6 0.8873973116500543
13 3 0.7327282931390454
5 13 0.42636821702245287
5 14 0.5501201666517326
14 3 0.730819347274626
9 15 0.6663805065850726
7 15 0.114818342553196
5 16 0.8096279498472098
16 3 0.19382858774120582
9 17 0.9716813021210531
17 3 0.7902698048374852
5 18 0.23228166090015634
6 18 0.6897397267563546
19 5 0.593058216193085
17 19 0.47764055262164373
3 20 0.6835791628567578
17 20 0.3146386164652939
7 21 0.5098874710933103
21 7 0.4128819528757047
3 22 0.4037059294292603
3 22 0.2482774804854193
23 4 0.8861642036356101
22 23 0.123919137465344
3 24 0.8064752529914087
17 24 0.6504153644985938
25 4 0.09064234077307409
13 25 0.14884179030292954
13 26 0.5950939908269702
26 13 0.7900420775849599
27 4 0.9369169418587316
27 5 0.22822726289435358
28 25 0.29429588112018656
6 28 0.44879686882161685
3 29 0.7499797504210777
29 7 0.8045621247303952
9 30 0.6277993645484098
30 23 0.40089418395642396
31 25 0.7281027524417121
31 23 0.8808847297784781
16 32 0.37112379804371487
32 6 0.3150983834364708
33 23 0.7137271314853139
33 3 0.13219237942394046
7 34 0.5713297514162043
34 5 0.4927773300880146
19 35 0.4378710767054179
16 35 0.5037471194623536
36 35 0.40711182503642507
12 36 0.9739748603804949
17 37 0.25982572598384823
37 16 0.3550914220618496
38 16 0.025933762044431874
3 38 0.1026330327445073
10 39 0.3259137508179889
39 5 0.8434983871503877
3 40 0.05013657456681353
40 5 0.030303918102030925
7 41 0.5817546142459022
41 16 0.18817450611232533
13 42 0.23703177725697666
10 42 0.6787970315512407
43 6 0.35381619609459003
10 43 0.1625551929634752
44 7 0.144492693572434
17 44 0.48843774587899436
45 7 0.7542309401757826
4 45 0.9343209820791448
7 46 0.41576929460842205
46 3 0.550477712418313
47 1 0.3485529751471391
5 47 0.00128236383536795
39 48 0.7004371504294649
12 48 0.8217369913084184
49 41 0.40408014883304477
49 25 0.07182769681788581
50 24 0.38452574257314076
4 50 0.6523460671392274
51 23 0.05794758238294495
3 51 0.7093754301707598
52 4 0.8674495737498779
52 2 0.6123821697271108
13 53 0.7083376200131524
24 53 0.08189031101508593
54 7 0.4525387324316299
20 54 0.521139380523504
5 55 0.0495047884095805
55 23 0.13956408615061366
56 3 0.8995838467814166
4 56 0.08497830595303613
57 7 0.12458529504928406
7 57 0.9121093835940389
50 58 0.906993254863964
43 58 0.7875494647668755
59 1 0.2569047656808461
59 7 0.4652811466986819
16 60 0.2825060720901553
60 45 0.56643169094971
46 61 0.4778891399410783
15 61 0.023215660465771948
62 3 0.8982038859032856
62 21 0.8286645357914665
23 63 0.18912243249706784
7 63 0.28559666753975577
64 15 0.9543520090383857
13 64 0.7955479070753657
65 17 0.0808965308617452
65 7 0.7152756608236867
