2 1 0.6400505126974649
1 3 0.2697744084724486
2 3 0.8671932230752587
1 4 0.5352461783149478
2 4 0.8880947976818732
5 1 0.9743119164007259
3 5 0.7754113184004006
3 6 0.18226140046044814
6 3 0.1625937560024272
1 7 0.5394689688055753
7 1 0.3627367314711597
8 1 0.6944813013664436
8 5 0.31593821421450285
9 1 0.39734286499223037
1 9 0.7474216112640355
3 10 0.6297175822491742
10 3 0.21254701491011008
11 6 0.9589513827320683
4 11 0.2840624367710024
12 1 0.8140623120653543
1 12 0.30235633106244497
13 1 0.9484843939716876
13 3 0.048165839619692785
14 1 0.3965029329215758
5 14 0.8850228249001066
15 4 0.039789616441675
13 15 0.6913094447400718
16 1 0.10097319261278848
1 16 0.2504742629049074
8 17 0.5259938693437028
15 17 0.9691509728071716
1 18 0.37228296872806466
1 18 0.3464018581206352
19 3 0.958709882708159
2 19 0.933166313899732
5 20 0.9034591841690447
20 5 0.9955436507063726
21 18 0.9782320768632018
3 21 0.14769001599643328
22 13 0.323537265630221
13 22 0.18476538304217527
23 10 0.7099676809040663
23 1 0.1390924063816642
24 8 0.46208883513332566
20 24 0.3474626352756338
25 4 0.6786416625772397
5 25 0.23995224636954082
26 11 0.22134418009039847
1 26 0.6174958728223723
27 1 0.3331204801213553
1 27 0.1467503236653842
28 4 0.9243978009441091
3 28 0.9371489248013655
3 29 0.8207152828045104
1 29 0.3154095815966438
19 30 0.42359601210379616
30 13 0.3553762230742904
19 31 0.6895604878932777
16 31 0.02657222729103048
9 32 0.5493403933379486
1 32 0.9551637168887797
23 33 0.6687414052048076
33 3 0.9271701714551034
34 18 0.6094878074847849
33 34 0.957279358708829
35 1 0.5139956242932039
35 1 0.3847340244560422
36 12 0.606072290840083
18 36 0.31711169519371707
5 37 0.9080719257583417
37 13 0.3783608954012996
38 25 0.2751989817955197
38 11 0.9433082176618038
39 5 0.306597810238169
39 2 0.6249884316702908
40 4 0.8351397547511286
38 40 0.38253718737138387
41 1 0.18268505232033405
40 41 0.07907721087956154
21 42 0.3696314248174196
7 42 0.12391920586898963
11 43 0.2391768088143824
2 43 0.9964552007934293
6 44 0.13199475360082047
37 44 0.538810712741742
1 45 0.8225203822774929
12 45 0.17347165004816145
46 5 0.7081039115988818
34 46 0.7175086915944885
31 47 0.8069868713254112
47 5 0.9614404308887424
21 48 0.8674081517160449
1 48 0.759164264958504
29 49 0.08432248038281698
49 18 0.5168295988814309
50 2 0.18468029565040223
50 4 0.8399087843875442
2 51 0.9650840040086379
51 5 0.9472007056291436
52 8 0.5615960579364153
27 52 0.664623948710314
53 11 0.469267462157279
53 5 0.09966462411295707
2 54 0.4146948579787392
54 18 0.7104745476851353
55 37 0.9759159447059144
55 17 0.7273844504508
56 43 0.7572516503632643
3 56 0.9661649528837812
1 57 0.40884577223065843
1 57 0.9692089752030745
13 58 0.597711939268973
58 4 0.32262547487073745
1 59 0.007998334648606997
1 59 0.04688352908299598
8 60 0.24343483246823394
19 60 0.5100142346668575
61 3 0.4367996108734382
29 61 0.21074111181070765
1 62 0.7563296437033745
62 20 0.4026981774984667
63 3 0.43814852799869486
63 47 0.7842513001484488
4 64 0.026609005874935643
63 64 0.7033816063711938
10 65 0.6352371802763427
64 65 0.2305358697239318
66 11 0.6513931709190637
66 11 0.4407588620674371
67 29 0.9330992201327943
42 67 0.597770805706878
68 8 0.024353938408638642
68 1 0.09545774254259665
69 4 0.6827508110986334
69 5 0.30937380412074433
70 63 0.09673876597219544
70 40 0.7483170243127216
71 18 0.11102935846683293
14 71 0.8214878519884182
72 25 0.07177761314411646
6 72 0.5023640828128196
7 73 0.6096500121751491
64 73 0.5527205347005271
25 74 0.6190804166335931
74 42 0.7948248280622361
1 75 0.19172436827841122
64 75 0.45814508543506527
76 5 0.31799251788315874
15 76 0.8379416811324593
77 1 0.605853012902825
25 77 0.9604337180386753
78 43 0.3360230307037312
1 78 0.8262168648867656
37 79 0.9189912406808726
47 79 0.3836336826035591
80 12 0.5947351791276528
80 3 0.9815650880017941
81 80 0.8294724502041241
81 47 0.11360782837966754
19 82 0.25592231687912514
82 22 0.5965279973467345
12 83 0.9074418674041996
83 40 0.25153163194960615
1 84 0.2824747708429274
84 33 0.2973190186390656
85 21 0.2344876478010801
85 7 0.3409901047776033
86 44 0.3424899359439846
86 19 0.942081768161434
87 54 0.636138242243263
1 87 0.493846546912705
88 49 0.20898860499369876
63 88 0.5517155389435794
89 29 0.3301029188407285
18 89 0.24830231101785227
17 90 0.7230904730942781
90 25 0.837804081753714
91 7 0.1063341511772099
91 2 0.29244120007945695
13 92 0.2325030668021435
92 3 0.5944286265922679
6 93 0.579690827247654
4 93 0.8047906700290528
1 94 0.7214606239939313
94 2 0.6568941021922279
95 44 0.19778839324680098
15 95 0.9415240610248925
96 84 0.014855008808432268
96 6 0.5342891709770441
97 4 0.6836597508596226
97 1 0.8996072465821386
98 43 0.08431781895460888
20 98 0.11226826886162611
11 99 0.45253808217172853
79 99 0.7808522537122872
100 69 0.5803114928851196
3 100 0.6003992394814075
