2 1 0.09529552303556832
3 1 0.8763042410170546
2 3 0.4868359217640179
4 1 0.9159506283771214
1 4 0.23321521934223655
4 5 0.9982016375951867
5 3 0.44166545439123917
6 1 0.918607842231554
6 1 0.32724678456086953
7 5 0.08441794971668104
7 2 0.7983136254304876
8 1 0.18758859224461366
2 8 0.23673564482734044
4 9 0.531838290128882
9 2 0.757872821002537
2 10 0.6910603694551847
10 4 0.2477699656686696
11 1 0.5130542033584871
7 11 0.6349122232358206
12 2 0.9439632027829324
4 12 0.19922442052611267
13 2 0.6130641469321042
6 13 0.10215252442739864
2 14 0.11629943445458812
14 7 0.18706699213788713
15 6 0.16702829290754362
15 13 0.9902141018663665
1 16 0.8591822564234638
4 16 0.13123580756714692
13 17 0.8534931162416532
17 13 0.8674669732544122
18 1 0.7144747033330555
2 18 0.15480954884126197
2 19 0.34767661110936876
4 19 0.1820883790376674
15 20 0.07025522481050284
18 20 0.4248099760119257
3 21 0.7166102253941267
13 21 0.8851641512111231
2 22 0.3454976917899403
22 2 0.47506728496440953
23 2 0.8623378559359656
23 8 0.5890683490968536
24 9 0.0535905717526709
2 24 0.9796210133167301
14 25 0.10879303663953499
25 13 0.4045686870823887
26 8 0.693126067423607
24 26 0.5074528002208949
27 23 0.870307240561584
2 27 0.6458879123823057
28 20 0.24190326755688718
28 21 0.5152515958360863
23 29 0.46924599941917466
2 29 0.5826429721288966
30 8 0.07722738265706486
2 30 0.3544752881045927
31 2 0.14988097941626732
28 31 0.9510009495375286
32 16 0.4454919757369017
13 32 0.7747469446264202
33 25 0.4668232309394734
30 33 0.2685185653069929
34 22 0.9705163073382277
34 15 0.4988738058768166
29 35 0.5599801726091788
35 3 0.33659237666809416
8 36 0.19976070926591882
25 36 0.25158946749979694
22 37 0.8624750021971366
37 15 0.1894396249394471
38 4 0.22689263628145873
38 35 0.6423207720715414
39 36 0.6611586435200429
6 39 0.9743758744972083
36 40 0.4025519933032564
40 21 0.3192677546766096
4 41 0.26457777566446006
15 41 0.26128462820059684
42 2 0.373483514311335
1 42 0.23924899304567482
43 8 0.9283037876874007
12 43 0.2265246747416737
44 14 0.19956717605875163
30 44 0.7026955455769441
45 3 0.7425527831097705
45 30 0.3965328842378114
46 2 0.1271774295676502
46 6 0.800991925401303
12 47 0.49634560082170553
47 4 0.9876230758134038
24 48 0.6235042631572404
48 34 0.7397938033909154
4 49 0.3829473801544724
49 43 0.8266044286156388
36 50 0.5678621123398128
50 21 0.3291479553621791
51 2 0.11177948094121992
8 51 0.08660757682278952
52 1 0.39329391110287104
1 52 0.9057935001765943
35 53 0.27087851392299844
27 53 0.637081666454558
54 28 0.19751846182931165
54 15 0.14758530164933947
7 55 0.5243268021819508
55 29 0.6679534827208006
56 4 0.5421348619837881
56 14 0.9939866570897837
57 4 0.026845531906840248
57 43 0.78178595473936
58 45 0.6905348391623725
58 1 0.3645114732590117
59 52 0.7510389932148042
32 59 0.1247634552675938
15 60 0.490924682010889
60 3 0.29625944083322553
61 18 0.05585246382986797
61 16 0.4338952770561957
62 42 0.6625327005106759
62 28 0.04401334884796515
63 29 0.21032240649247613
4 63 0.2250434605699695
52 64 0.72880571975709
64 9 0.7864990833794915
65 1 0.20765038490306398
65 50 0.579660483054991
30 66 0.24313714938355524
66 1 0.14909198663024714
4 67 0.45286405102778593
38 67 0.867660336539104
34 68 0.8993936684061984
15 68 0.5952846856400131
69 9 0.9969768175844093
69 12 0.6190682392074859
15 70 0.04518212680614753
65 70 0.6515465663387457
45 71 0.9341688782997967
14 71 0.47352789707793463
72 63 0.39463340473140585
4 72 0.36543482461476107
29 73 0.37876784990220935
73 1 0.4892875023243545
74 18 0.26558449181011523
74 50 0.6299645090722972
75 9 0.8900458928136422
22 75 0.8652497304712693
4 76 0.32870681766023824
76 2 0.5728704199183479
77 29 0.29315553702362085
77 8 0.8887644358061687
50 78 0.824654850480325
78 27 0.5211537745670345
2 79 0.558072887821884
79 25 0.8706735803681858
43 80 0.9414529751628086
4 80 0.9379394494647093
9 81 0.49189870402913627
63 81 0.21954557928539942
82 4 0.2511548443846129
82 1 0.7949428774882606
83 77 0.05111952423831467
29 83 0.44868400834165045
16 84 0.7571273373222424
84 38 0.6231185941268911
85 22 0.8149017513819846
85 28 0.3078380941012421
47 86 0.4095780016557138
86 13 0.4464841829468884
2 87 0.6830892439944618
1 87 0.7644225515202715
12 88 0.48974038817079113
24 88 0.8976857697558068
89 27 0.06284608210190412
52 89 0.13168756585208896
90 76 0.5478611672531603
90 21 0.016924428172261696
91 30 0.8758620052096597
12 91 0.4741722538642862
2 92 0.14750333154866835
45 92 0.9999720999292486
93 4 0.8660351385976508
93 16 0.01085550242714206
13 94 0.40090759123582786
52 94 0.9665213514182404
11 95 0.7619371274630277
95 2 0.1778727509632726
