1 2 0.19375342271282947
3 1 0.8608059769795517
2 3 0.3359359663969861
4 1 0.3810108784607277
1 4 0.2063644869477953
5 4 0.045416250603611985
1 5 0.9438388735466948
6 1 0.6883611043864704
6 3 0.8808686775056466
7 3 0.4263477301779367
5 7 0.04651381274453581
4 8 0.976630532126147
8 4 0.8205881829892124
1 9 0.43327395068860153
9 7 0.6762544680856353
10 4 0.6577947879317969
10 1 0.6129569008265794
8 11 0.43148735214290634
11 1 0.8030394269550306
12 4 0.16982294882314675
12 11 0.43680149436976257
13 4 0.5425241427016111
6 13 0.8602217630824971
14 7 0.46883827059213856
14 4 0.8113697884287575
1 15 0.3122664981842074
3 15 0.4662085571616553
10 16 0.20534021285343473
16 13 0.32478941621363877
4 17 0.3872716235423508
17 11 0.8832839292009539
11 18 0.6968012043678717
18 11 0.6524878947476181
4 19 0.7626990881379501
19 1 0.30507446433168717
20 7 0.11927599657716026
1 20 0.8399373404120855
13 21 0.6968690194386586
5 21 0.04775306398458168
3 22 0.4260050676741268
22 1 0.7219567051610003
7 23 0.0017692238039500596
7 23 0.5452470180629522
24 13 0.2559149644531581
24 23 0.09922665639875361
25 13 0.7116512153134307
11 25 0.5460263895086432
7 26 0.47015211118956746
23 26 0.04911706884232825
23 27 0.4607574996967698
1 27 0.780731358348925
18 28 0.11394347115211134
28 18 0.5978098949900574
23 29 0.7691830664244639
23 29 0.5251889491026599
4 30 0.21083216796322046
30 7 0.86544325678899
31 1 0.9813400286875623
31 3 0.26012294201439323
32 4 0.010430991908519482
32 4 0.9977796157439259
17 33 0.2228231395496184
33 1 0.6897807812173958
34 4 0.5693458826634591
34 4 0.32020202455881286
35 31 0.6671713566356404
29 35 0.4747866383808934
33 36 0.15983329329473228
1 36 0.7980807154515599
7 37 0.4696418145883251
35 37 0.969862964557425
16 38 0.41806973880140985
13 38 0.5620953535020363
26 39 0.10806492106956211
30 39 0.6087249961051648
40 7 0.22624597035344352
40 7 0.26882965543248283
41 3 0.8793914463584448
41 4 0.7149135371314472
42 1 0.9393815173219988
42 16 0.8233166888497315
43 7 0.8326334064646436
19 43 0.37275861732751814
1 44 0.3681983228993285
18 44 0.4325503110507314
45 3 0.006063802225706905
4 45 0.5560829894344366
17 46 0.19550199724621287
46 7 0.7668482232032509
39 47 0.3171296478519684
47 7 0.012087092529895482
36 48 0.13866114114091355
48 1 0.32066437033361705
24 49 0.7124969627030566
23 49 0.8873145082385256
1 50 0.8925928181481491
16 50 0.5207656649790559
28 51 0.8921762963968805
51 47 0.1385908366089318
52 4 0.6552187822396597
52 15 0.23242131441038505
3 53 0.6522128662629968
1 53 0.97049937219373
54 4 0.009863444422506973
54 23 0.7079377359782045
13 55 0.9080648266947583
55 18 0.6818668383169524
37 56 0.5006645246929107
56 55 0.49182678237737565
57 16 0.24323295614102836
57 6 0.35295793972287137
58 4 0.15001610626789919
14 58 0.9050530928804373
59 31 0.8181354097241705
14 59 0.057137246044728696
15 60 0.25847551752333253
4 60 0.7090570758617
7 61 0.8864161991825521
22 61 0.10992073440064565
4 62 0.5572952340637632
62 51 0.6862747430572113
63 6 0.08983334625566353
8 63 0.5178733979603802
8 64 0.7229018050042532
15 64 0.27272044930013406
65 23 0.43578961834953467
3 65 0.9611329180132523
