2 1 0.09529552303556832
3 1 0.8763042410170546
2 3 0.4868359217640179
4 1 0.9159506283771214
1 4 0.23321521934223655
4 5 0.9982016375951867
5 3 0.44166545439123917
6 1 0.918607842231554
6 1 0.32724678456086953
7 5 0.08441794971668104
7 2 0.7983136254304876
8 1 0.18758859224461366
2 8 0.23673564482734044
4 9 0.531838290128882
9 2 0.757872821002537
2 10 0.6910603694551847
10 4 0.2477699656686696
11 1 0.5130542033584871
7 11 0.6349122232358206
12 2 0.9439632027829324
4 12 0.19922442052611267
13 2 0.6130641469321042
6 13 0.10215252442739864
2 14 0.11629943445458812
14 7 0.18706699213788713
15 6 0.16702829290754362
15 13 0.9902141018663665
1 16 0.8591822564234638
4 16 0.13123580756714692
13 17 0.8534931162416532
17 13 0.8674669732544122
18 1 0.7144747033330555
2 18 0.15480954884126197
2 19 0.34767661110936876
4 19 0.1820883790376674
15 20 0.07025522481050284
18 20 0.4248099760119257
3 21 0.7166102253941267
13 21 0.8851641512111231
2 22 0.3454976917899403
22 2 0.47506728496440953
23 2 0.8623378559359656
23 8 0.5890683490968536
24 9 0.0535905717526709
2 24 0.9796210133167301
14 25 0.10879303663953499
25 13 0.4045686870823887
26 8 0.693126067423607
24 26 0.5074528002208949
27 23 0.870307240561584
2 27 0.6458879123823057
28 20 0.24190326755688718
28 21 0.5152515958360863
23 29 0.46924599941917466
2 29 0.5826429721288966
30 8 0.07722738265706486
2 30 0.3544752881045927
31 2 0.14988097941626732
28 31 0.9510009495375286
32 16 0.4454919757369017
13 32 0.7747469446264202
33 25 0.4668232309394734
30 33 0.2685185653069929
34 22 0.9705163073382277
34 15 0.4988738058768166
29 35 0.5599801726091788
35 3 0.33659237666809416
8 36 0.19976070926591882
25 36 0.25158946749979694
22 37 0.8624750021971366
37 15 0.1894396249394471
38 4 0.22689263628145873
38 35 0.6423207720715414
39 36 0.6611586435200429
6 39 0.9743758744972083
36 40 0.4025519933032564
40 21 0.3192677546766096
4 41 0.26457777566446006
15 41 0.26128462820059684
42 2 0.373483514311335
1 42 0.23924899304567482
43 8 0.9283037876874007
12 43 0.2265246747416737
44 14 0.19956717605875163
30 44 0.7026955455769441
45 3 0.7425527831097705
45 30 0.3965328842378114
