1 2 0.9677403302403378
1 3 0.4056740685366583
2 3 0.4641702907887786
1 4 0.20635645758513965
1 4 0.6238432429303606
1 5 0.7729097971621809
5 1 0.20826857274917288
4 6 0.10477943922520261
6 1 0.7373100294413789
7 6 0.15170650649438155
7 3 0.07552090591211913
6 8 0.11910892300296283
8 1 0.7925839191682545
9 1 0.357457705813528
1 9 0.013633473243052308
10 4 0.21945888538180225
5 10 0.5204303978367285
11 1 0.9706706522875724
11 1 0.026588424478217743
12 1 0.473774518799463
1 12 0.04722649826982628
12 13 0.10383619594369986
12 13 0.4736355029480983
14 4 0.401726226238986
14 13 0.9998759017285642
15 1 0.9439815215989721
15 1 0.8811583370047419
6 16 0.5277390630741805
16 4 0.8809246742648511
6 17 0.25827754393289926
17 2 0.7583524671482846
18 15 0.42417058526070983
3 18 0.5351822440044949
17 19 0.673164815509447
8 19 0.9380417642445681
1 20 0.19589216427305678
20 1 0.3958759857928965
21 8 0.7737060737456533
1 21 0.9261212079289504
4 22 0.8908024364553115
22 15 0.6103610209930755
7 23 0.32991234980108475
23 1 0.47526627643836217
1 24 0.248748151866109
24 21 0.009516026370916197
25 15 0.39599042817603736
3 25 0.631238221613371
15 26 0.9673795251700006
26 17 0.47505997815606793
24 27 0.7088165034793257
27 18 0.045943278514148145
28 1 0.5982376698442107
28 1 0.6981313288429932
29 12 0.9727828458297102
29 6 0.2870216903315047
30 15 0.9564880702928881
30 1 0.7387950072990597
5 31 0.384605481444238
1 31 0.9769409542280925
32 2 0.5396059935684822
22 32 0.9009665770823477
17 33 0.7056125408345966
3 33 0.6715810143139824
10 34 0.24572299538626974
7 34 0.9682529275304268
1 35 0.11164951475476859
12 35 0.6391066739659206
36 4 0.6243093809625251
36 14 0.5704099509157637
13 37 0.3049469600558794
37 1 0.46103132979764216
4 38 0.0017862826050538683
38 21 0.08927510238145386
38 39 0.4397101079039337
15 39 0.2792663893718058
40 15 0.3668232855088446
39 40 0.1237640378811301
41 1 0.5516732970224373
41 28 0.4690544708500657
42 7 0.5741486189049625
8 42 0.9960760543137078
43 7 0.7073852009133185
19 43 0.560383576255008
44 4 0.14904032594194538
44 35 0.5707804905850526
45 43 0.048778435324465685
20 45 0.20773267144107033
12 46 0.9079965116955045
46 17 0.7906316175169277
47 15 0.47194344662325827
47 3 0.9506928965369162
1 48 0.37832093686963586
48 15 0.44135937976343775
49 6 0.5501923293910567
6 49 0.2339576022012475
11 50 0.37189915768657544
50 13 0.20324621327000758
51 14 0.9726908961387919
51 38 0.9849832338974684
52 15 0.36654339337471664
2 52 0.9276508474307209
10 53 0.6132222788611408
53 15 0.4565948646964173
54 52 0.24817892074910675
6 54 0.17752791228623532
55 45 0.9628043175255528
6 55 0.3239673241014185
