2 1 0.6400505126974649
1 3 0.2697744084724486
2 3 0.8671932230752587
1 4 0.5352461783149478
2 4 0.8880947976818732
5 1 0.9743119164007259
3 5 0.7754113184004006
3 6 0.18226140046044814
6 3 0.1625937560024272
1 7 0.5394689688055753
7 1 0.3627367314711597
8 1 0.6944813013664436
8 5 0.31593821421450285
9 1 0.39734286499223037
1 9 0.7474216112640355
3 10 0.6297175822491742
10 3 0.21254701491011008
11 6 0.9589513827320683
4 11 0.2840624367710024
12 1 0.8140623120653543
1 12 0.30235633106244497
13 1 0.9484843939716876
13 3 0.048165839619692785
14 1 0.3965029329215758
5 14 0.8850228249001066
15 4 0.039789616441675
13 15 0.6913094447400718
16 1 0.10097319261278848
1 16 0.2504742629049074
8 17 0.5259938693437028
15 17 0.9691509728071716
1 18 0.37228296872806466
1 18 0.3464018581206352
19 3 0.958709882708159
2 19 0.933166313899732
5 20 0.9034591841690447
20 5 0.9955436507063726
