2 1 0.4702664007926578
1 3 0.8932217482307383
3 2 0.39112407232179225
3 4 0.37831810455531867
4 3 0.48244134842498887
2 5 0.2712313240690216
3 5 0.38338738836530517
1 6 0.8184622911430581
2 6 0.3602865349671782
6 7 0.45844430140468373
7 3 0.530768098815221
4 8 0.8641849014320849
3 8 0.7235817837662188
2 9 0.6165207553155366
2 9 0.39688799400093444
6 10 0.2877189765985765
10 7 0.48465600590897695
1 11 0.6695369498308764
11 6 0.06981520734924163
12 3 0.441505062031913
5 12 0.8649410691063001
13 3 0.7006740597170411
3 13 0.6848508613398617
12 14 0.6356662598408331
9 14 0.17579961093277907
4 15 0.7461007581198434
8 15 0.1932983183701672
