2 1 0.09529552303556832
3 1 0.8763042410170546
2 3 0.4868359217640179
4 1 0.9159506283771214
1 4 0.23321521934223655
4 5 0.9982016375951867
5 3 0.44166545439123917
6 1 0.918607842231554
6 1 0.32724678456086953
7 5 0.08441794971668104
7 2 0.7983136254304876
8 1 0.18758859224461366
2 8 0.23673564482734044
4 9 0.531838290128882
9 2 0.757872821002537
2 10 0.6910603694551847
10 4 0.2477699656686696
11 1 0.5130542033584871
7 11 0.6349122232358206
12 2 0.9439632027829324
4 12 0.19922442052611267
13 2 0.6130641469321042
6 13 0.10215252442739864
2 14 0.11629943445458812
14 7 0.18706699213788713
15 6 0.16702829290754362
15 13 0.9902141018663665
1 16 0.8591822564234638
4 16 0.13123580756714692
13 17 0.8534931162416532
17 13 0.8674669732544122
18 1 0.7144747033330555
2 18 0.15480954884126197
2 19 0.34767661110936876
4 19 0.1820883790376674
15 20 0.07025522481050284
18 20 0.4248099760119257
