1 2 0.3187712358795297
3 1 0.7124009551532433
3 2 0.7862799993409227
4 1 0.7733413755511145
1 4 0.4782679236672772
5 4 0.008803698234593593
5 1 0.30745527442968623
4 6 0.016032370274209562
6 3 0.9661794342586336
7 1 0.6289040081862253
7 4 0.36249402525472807
8 7 0.30781035510276067
8 6 0.902176068635228
9 7 0.1854748281691757
9 4 0.8762200731884549
10 2 0.5470972469795596
7 10 0.18262197774110955
2 11 0.9657117758820835
11 6 0.9029232182508049
12 7 0.9336935137380742
7 12 0.9728489021167699
13 12 0.25377588737262136
12 13 0.2635460324692699
14 7 0.49682193410216857
7 14 0.327509756887122
7 15 0.5098870053472231
4 15 0.9190716169458671
6 16 0.6254009573371856
16 15 0.6597575690939158
12 17 0.3479206423275607
15 17 0.3316786033213591
6 18 0.6129589379735152
8 18 0.025650223905899328
19 7 0.883093486447537
19 4 0.6952879789913538
5 20 0.9980136425079869
14 20 0.863553383283214
21 7 0.7301609723503714
12 21 0.28959659687738015
22 10 0.25193285737322124
22 4 0.5184160460379946
23 10 0.88774377601299
23 17 0.8602985436809498
8 24 0.6810276596558706
24 23 0.49790199923541856
10 25 0.9446872806367037
6 25 0.8504677489718417
26 7 0.03250816840623272
8 26 0.21369158634750196
27 2 0.1976709066587783
22 27 0.7196391360535422
13 28 0.6127630192451885
8 28 0.45053493861279537
29 4 0.3757809967613268
15 29 0.9696551527623005
30 15 0.027204117969233832
30 2 0.3204721359478435
31 7 0.9200494373145877
12 31 0.5428225710037611
2 32 0.937478331589145
12 32 0.3395395844546212
33 7 0.88795993572516
1 33 0.40517575849922705
34 15 0.07008067937233331
25 34 0.5244844195551932
12 35 0.9917323027421844
14 35 0.40037040868230866
36 30 0.2849175715272636
9 36 0.19315625320440266
12 37 0.23528281579209764
37 12 0.012384333348108734
38 3 0.47826981391263323
38 8 0.2206228573304505
39 11 0.8646334391395547
21 39 0.9008283216616801
40 34 0.7322265694252473
12 40 0.3817327842384304
7 41 0.8151115143028842
41 2 0.14009503268609014
42 4 0.5189139134367673
38 42 0.7972703535533208
43 8 0.3431983087341369
43 2 0.010773634602578186
44 6 0.7916469113498613
44 22 0.6382205375455726
10 45 0.8597829790330155
45 6 0.1265501813502068
46 14 0.6663152172839187
46 8 0.7347164728833995
47 7 0.5295539779328284
26 47 0.0465583248087339
48 21 0.9859335805538799
33 48 0.36736493696044004
49 21 0.04941176283748194
49 13 0.6754527254532419
50 36 0.5963530386584341
45 50 0.8770247207248832
30 51 0.4328515405712784
51 11 0.24327796223586384
31 52 0.1844909066077548
12 52 0.6438755573095669
1 53 0.026972142600672155
53 30 0.36558627156049406
16 54 0.05599933272630686
54 46 0.9848494522049152
55 2 0.24970786048714277
7 55 0.22445158452736624
56 12 0.3514209313019303
56 10 0.5262302548786617
28 57 0.7807703861786449
54 57 0.8552451981318554
58 13 0.21795659540928436
12 58 0.37664132682993734
59 42 0.8465522922865394
59 11 0.35566562556898496
12 60 0.9865873922592064
8 60 0.7376955536365233
61 29 0.14056849473751132
22 61 0.052381356787144395
62 38 0.9428474978236582
62 46 0.05155585717892486
63 2 0.218186276940058
28 63 0.8959849878042558
64 17 0.7727233554689933
64 7 0.6194592872689239
19 65 0.6258626175645525
49 65 0.5503212555032293
66 44 0.011712797016104282
6 66 0.5366123296255425
1 67 0.9195900217371425
59 67 0.6427385319837555
68 38 0.49709022075672893
68 12 0.5526043466591448
69 4 0.24424002839190362
69 61 0.048908127561617665
42 70 0.9833408561920867
70 4 0.12357169015358005
