1 2 0.39308185181173816
3 1 0.5508149937557825
2 3 0.4130150461683284
2 4 0.039996328420926375
4 1 0.7760328810658099
5 3 0.06095576236645639
2 5 0.22819011711333126
6 4 0.4639583140268817
1 6 0.4241210438521027
7 6 0.14302394574679078
5 7 0.026953830453636418
8 2 0.3008572639800323
6 8 0.3539170401340891
9 4 0.14998535795008017
3 9 0.1306300908674085
4 10 0.3422091100007084
3 10 0.6109750101866842
1 11 0.9635692743273675
8 11 0.6253308622880995
12 5 0.7099095594913771
1 12 0.11530040883811776
4 13 0.23780970233235743
2 13 0.6870531256451258
14 8 0.12386376316931302
14 10 0.3973573648352029
15 3 0.057661603762101166
3 15 0.5253078622858726
16 3 0.10953773770256059
16 6 0.7518887685217945
17 13 0.5322441330052257
17 15 0.7758433927764814
5 18 0.050425430832021
18 7 0.989026909458145
19 13 0.16193593842849652
8 19 0.5261434209733217
20 9 0.17578261977881038
3 20 0.8758386490770897
20 21 0.8943005295327101
21 12 0.3660316272907307
22 20 0.3468512405967975
14 22 0.31538266473181087
23 9 0.24073141330731207
13 23 0.924978674625145
19 24 0.4332937514581754
14 24 0.6571233880883213
14 25 0.5244520037733456
13 25 0.6500149953917622
21 26 0.3480216646166091
6 26 0.1092709501106498
27 16 0.5322392042883817
3 27 0.9896450744028928
28 2 0.06008201447114414
28 20 0.8577728184638944
20 29 0.9232761765550794
21 29 0.29651625331921394
3 30 0.9626262382657339
30 5 0.34965222987322286
20 31 0.6936016503683424
20 31 0.9128374608980914
32 17 0.8578838557661285
23 32 0.5413472217614228
33 12 0.4988233099625421
33 11 0.5175902668798416
34 28 0.8224418391210349
1 34 0.293292778972173
35 2 0.03782727547575104
3 35 0.23918879381939728
36 23 0.8427383848245859
20 36 0.5955748682783928
37 2 0.22678637256586753
20 37 0.005746852687178894
38 13 0.9962746349282708
28 38 0.6527484392942295
20 39 0.9591720778572906
39 23 0.0033345320701380077
40 21 0.8636907722558984
40 20 0.6294627019746937
17 41 0.7564070622622148
41 2 0.6841647395626732
3 42 0.7330058830248544
42 20 0.08979877204741438
1 43 0.3496347015874811
43 13 0.4300758879640183
11 44 0.7184274368123164
44 11 0.535844578872347
45 17 0.7780285364079402
45 11 0.501426607109013
32 46 0.6201919053449074
46 4 0.04561108316543894
30 47 0.6923750242291299
47 20 0.7129792250505897
48 1 0.5906689323071382
2 48 0.9276892756691871
49 13 0.12124963801447808
17 49 0.24218240186605255
9 50 0.45382321841888784
2 50 0.8084888297334456
