1 2 0.08006599367074352
1 3 0.5556659303499596
3 2 0.876069517598428
3 4 0.690977247063327
2 4 0.3150479202649761
2 5 0.934480476952073
3 5 0.027994765571368596
1 6 0.2295256407817593
6 4 0.9964987541430623
6 7 0.45016880462265163
7 4 0.9417542215859062
8 3 0.195669780916374
1 8 0.07615807900637062
7 9 0.038099792963156354
8 9 0.16986440932971836
8 10 0.8192297378725892
10 5 0.1550500213649254
6 11 0.1393371911250083
11 4 0.12057945115058855
11 12 0.22828745958169971
12 3 0.8003090552843738
7 13 0.3582402193781048
4 13 0.5400046411259083
14 10 0.8838085170031711
1 14 0.830847229063205
2 15 0.2684343759007257
7 15 0.7757650794331185
4 16 0.30823990092006126
16 7 0.38522387675412106
4 17 0.33423659744807754
10 17 0.1922850322914076
18 8 0.3873170119424122
18 3 0.7395270951131052
19 4 0.19513132701400349
11 19 0.9921316703290124
20 15 0.13322666671613592
20 6 0.6116628233655478
4 21 0.7639913364035675
9 21 0.029074150847052338
22 16 0.22421150701231596
22 6 0.9318921626208676
23 21 0.0843136193919618
23 9 0.015110283647153167
24 3 0.11024829965412475
6 24 0.39167047454378556
24 25 0.11748861336215155
9 25 0.8683566579379102
26 9 0.05421605497742288
26 16 0.3591157559975623
4 27 0.005890825422043111
27 2 0.7185770491819818
28 4 0.5134231926033972
24 28 0.5119293204533277
2 29 0.6231109084851355
29 4 0.2814222299786556
23 30 0.5430765916233452
10 30 0.6082591496561653
3 31 0.4240384994029788
2 31 0.23472772076589865
5 32 0.8590298978907845
10 32 0.8532568261041966
33 9 0.15745761416695803
11 33 0.3088960225405014
34 7 0.6793649256657509
34 14 0.6077453712712649
1 35 0.21872027260184568
7 35 0.17674354279894133
36 23 0.14695123879510774
36 9 0.19999383910439839
19 37 0.2630395369185031
37 16 0.7047840420107345
38 5 0.516245591911787
38 6 0.4858501304805769
9 39 0.4116018235219142
31 39 0.46148701786746715
7 40 0.24757896828730452
23 40 0.3318308701533895
41 20 0.5590998427928877
2 41 0.48417480737863305
31 42 0.5069968590442164
4 42 0.1160629317358367
43 2 0.13235585434154173
7 43 0.0013051960209717883
16 44 0.4256591217042509
44 4 0.5724046136776509
45 16 0.09239167743615861
45 43 0.9350178321977041
46 23 0.3329261639304585
46 8 0.3149260442552281
10 47 0.05796653489863923
47 31 0.8662373590893925
48 2 0.5572061450859869
11 48 0.8686061044476818
49 3 0.9503083551392892
49 48 0.6020339033099112
50 2 0.8578170419995542
50 44 0.4155718258476846
15 51 0.4184508423405354
51 9 0.2986609564149131
52 44 0.9306073006907933
9 52 0.9080123646827776
5 53 0.474808939703512
8 53 0.49247285573206845
52 54 0.8434066081835843
54 27 0.5399552074103756
31 55 0.7957281103740886
55 34 0.09881644693656333
16 56 0.17618199017549285
56 22 0.2527447212457641
3 57 0.8656786639738249
27 57 0.8978041935764287
58 54 0.6012349674765073
58 44 0.8460524215802234
4 59 0.35510308727884865
9 59 0.8631089758954719
33 60 0.32118712206469535
8 60 0.47972879965942894
61 35 0.13890647891656582
4 61 0.3231709136210178
53 62 0.503755631507043
62 33 0.2539260695540302
39 63 0.09229262340663003
15 63 0.13722600552884257
64 22 0.07698189936041855
23 64 0.11134122526732304
7 65 0.8760795089611153
41 65 0.9171345554675578
66 33 0.28640777797910744
7 66 0.733745892061613
10 67 0.9827252493165614
67 4 0.6538817658652691
68 7 0.6666245507076362
5 68 0.7265224086484631
37 69 0.9912095626265797
69 34 0.23843193204309798
58 70 0.5762811639266666
10 70 0.7393252064414371
71 10 0.5989313085218418
71 9 0.6923372759101408
33 72 0.1577258117381113
72 12 0.4619420770954139
3 73 0.010593436272180679
73 33 0.23985565025010058
3 74 0.592118160621016
25 74 0.17090412276814915
75 59 0.4352720006709889
2 75 0.9070856696132986
30 76 0.797120325321711
76 63 0.6586654117593465
77 2 0.995093752096034
40 77 0.38603247126694207
31 78 0.19744341555584455
78 77 0.998688873014212
39 79 0.5890341286196132
20 79 0.9251456936471893
80 2 0.7162317295654016
80 67 0.056507496519162426
3 81 0.5373743850328304
81 2 0.4045987358074986
82 4 0.8159067605519418
82 4 0.5123140970802545
83 9 0.7964200677316605
20 83 0.759374361642786
33 84 0.7912562810036465
38 84 0.24045578471864826
85 23 0.8705179159942593
66 85 0.6541568790391199
41 86 0.13754166220316133
10 86 0.5626088058148256
36 87 0.6073789997239161
54 87 0.5975730111664976
5 88 0.3890650370098311
88 80 0.7855363626613864
89 85 0.0897927561036852
89 21 0.9795189542738092
31 90 0.30116649003942875
90 31 0.024397972751819874
91 9 0.55906689411296
91 10 0.7097112242679309
33 92 0.20675308489699684
92 54 0.32622908569318454
93 41 0.9246771017448053
27 93 0.1847929046641874
94 59 0.1460430450379019
94 81 0.451189729048028
16 95 0.778324435461904
41 95 0.8623847637119958
