1 2 0.9677403302403378
1 3 0.4056740685366583
2 3 0.4641702907887786
1 4 0.20635645758513965
1 4 0.6238432429303606
1 5 0.7729097971621809
5 1 0.20826857274917288
4 6 0.10477943922520261
6 1 0.7373100294413789
7 6 0.15170650649438155
7 3 0.07552090591211913
6 8 0.11910892300296283
8 1 0.7925839191682545
9 1 0.357457705813528
1 9 0.013633473243052308
10 4 0.21945888538180225
5 10 0.5204303978367285
11 1 0.9706706522875724
11 1 0.026588424478217743
12 1 0.473774518799463
1 12 0.04722649826982628
12 13 0.10383619594369986
12 13 0.4736355029480983
14 4 0.401726226238986
14 13 0.9998759017285642
15 1 0.9439815215989721
15 1 0.8811583370047419
6 16 0.5277390630741805
16 4 0.8809246742648511
6 17 0.25827754393289926
17 2 0.7583524671482846
18 15 0.42417058526070983
3 18 0.5351822440044949
17 19 0.673164815509447
8 19 0.9380417642445681
1 20 0.19589216427305678
20 1 0.3958759857928965
21 8 0.7737060737456533
1 21 0.9261212079289504
4 22 0.8908024364553115
22 15 0.6103610209930755
7 23 0.32991234980108475
23 1 0.47526627643836217
1 24 0.248748151866109
24 21 0.009516026370916197
25 15 0.39599042817603736
3 25 0.631238221613371
