1 2 0.3187712358795297
3 1 0.7124009551532433
3 2 0.7862799993409227
4 1 0.7733413755511145
1 4 0.4782679236672772
5 4 0.008803698234593593
5 1 0.30745527442968623
4 6 0.016032370274209562
6 3 0.9661794342586336
7 1 0.6289040081862253
7 4 0.36249402525472807
8 7 0.30781035510276067
8 6 0.902176068635228
9 7 0.1854748281691757
9 4 0.8762200731884549
10 2 0.5470972469795596
7 10 0.18262197774110955
2 11 0.9657117758820835
11 6 0.9029232182508049
12 7 0.9336935137380742
7 12 0.9728489021167699
13 12 0.25377588737262136
12 13 0.2635460324692699
14 7 0.49682193410216857
7 14 0.327509756887122
7 15 0.5098870053472231
4 15 0.9190716169458671
6 16 0.6254009573371856
16 15 0.6597575690939158
12 17 0.3479206423275607
15 17 0.3316786033213591
6 18 0.6129589379735152
8 18 0.025650223905899328
19 7 0.883093486447537
19 4 0.6952879789913538
5 20 0.9980136425079869
14 20 0.863553383283214
21 7 0.7301609723503714
12 21 0.28959659687738015
22 10 0.25193285737322124
22 4 0.5184160460379946
23 10 0.88774377601299
23 17 0.8602985436809498
8 24 0.6810276596558706
24 23 0.49790199923541856
10 25 0.9446872806367037
6 25 0.8504677489718417
