1 2 0.07219414692276249
1 3 0.4601178138768074
2 3 0.99621084182963
4 1 0.7406664152461692
4 2 0.23078042850527292
4 3 0.1560349891807976
1 5 0.1543779967961032
5 1 0.27680172700618877
5 2 0.7546763736784046
6 1 0.7237585774746339
2 6 0.2786958943244996
1 6 0.559877638977542
7 1 0.9130535655299534
7 4 0.21186859714765105
1 7 0.07976143237776667
8 1 0.13016021307971848
8 4 0.549340342827281
8 4 0.40872761929289714
3 9 0.6007648977360996
9 2 0.4150487080989208
9 4 0.1829999037939143
10 3 0.674051878736494
10 1 0.15404366375546608
10 3 0.9145453395571039
6 11 0.11875063688794829
6 11 0.640053929641244
3 11 0.20578636703416908
1 12 0.9486316474281871
8 12 0.2267597781807612
1 12 0.6797077496163396
13 9 0.043161190013918715
13 1 0.8458121369414714
13 1 0.28778325403926275
14 4 0.4233390394146722
13 14 0.28977713019464313
14 8 0.5084460472609961
10 15 0.37093121078503266
15 1 0.7673086500046701
15 10 0.7281381949333305
16 6 0.4090123201018685
1 16 0.9230206322623202
10 16 0.897563922914681
4 17 0.03163111880752745
17 1 0.3453455468451929
17 3 0.09744309052793787
18 6 0.390851760720734
14 18 0.7332003825958103
4 18 0.0340643262496958
19 1 0.18682912616918645
19 1 0.9727789897159478
19 7 0.30066611358888484
20 17 0.459284186852162
1 20 0.1278333555363964
4 20 0.03984260222563252
