2 1 0.1264326851908587
1 3 0.8040336218714863
3 2 0.5119861293394742
1 4 0.5217886883149437
2 4 0.9520976032245216
4 3 0.9542663668000696
2 5 0.24936106841829286
5 2 0.7794146181890428
4 5 0.8347599669163006
6 5 0.996617344467725
1 6 0.5221355170304206
6 2 0.9121664332576039
3 7 0.9577371748759256
7 2 0.9907091714823406
4 7 0.841142985296288
8 4 0.5854266714535872
1 8 0.5184023186415759
8 6 0.9361566367261097
7 9 0.9259335392583117
2 9 0.29382631232451095
3 9 0.35485958463594625
10 1 0.44751504614898696
8 10 0.8797228899232162
1 10 0.3179781527645449
11 1 0.4949390544447413
1 11 0.011085144545965653
11 1 0.26111270073867876
12 4 0.7663676925803306
5 12 0.3192793722836017
2 12 0.6281132660042795
13 4 0.6673864652693555
2 13 0.3939320119424957
13 12 0.5047136909970796
2 14 0.031538948584558524
2 14 0.28260721520249543
2 14 0.6565446218471852
15 1 0.37256242702322173
7 15 0.8249175242939975
15 13 0.4958646111138295
2 16 0.5466914138121667
16 2 0.15715868772944985
16 13 0.47777070577102276
17 4 0.5076751867167716
17 2 0.9961454023032248
17 16 0.8744043267676908
18 1 0.18515723477853518
18 4 0.24569445678993296
18 2 0.19821369917895115
16 19 0.007683777778730527
19 4 0.009065075722361371
19 17 0.4805605620839747
20 1 0.6679795284942752
5 20 0.2644254496246019
20 18 0.8703455575016615
19 21 0.8318901166056402
3 21 0.35358667146862166
7 21 0.2870207897860223
22 2 0.8070766877240528
6 22 0.6422648639281622
9 22 0.3888359724283703
2 23 0.791863781402859
23 17 0.3792224439726979
23 3 0.974024552573171
24 9 0.12576596496761316
12 24 0.7957778498546656
11 24 0.9871757027089272
12 25 0.26291642170389873
25 3 0.02080441751469575
25 16 0.3257170183139181
26 19 0.05044922897312898
14 26 0.8498165225740936
18 26 0.8551862565344001
19 27 0.9475210758560169
27 14 0.8082509669306811
27 1 0.5231005469861976
23 28 0.3935793994487101
28 7 0.10979318702013696
28 17 0.7394063966789531
29 22 0.3704338681121453
19 29 0.12097286686858777
29 2 0.19832796952813148
4 30 0.6942294515282743
9 30 0.27792129303299984
30 5 0.9697625105971656
31 22 0.3834323766909996
30 31 0.27431690397907604
31 3 0.8811222825969393
9 32 0.5779370966476106
1 32 0.9682686889746558
29 32 0.19819854594077968
14 33 0.845862759346399
17 33 0.48417791344130834
10 33 0.6564633187558695
22 34 0.5552175718619422
34 4 0.2404572519956305
18 34 0.2738638542033699
25 35 0.4739892667380048
35 8 0.38628414339158235
4 35 0.5864659787747726
36 29 0.17044529213770165
2 36 0.4912778565866883
22 36 0.8837133027967397
37 5 0.6654313615337009
37 15 0.9639890538556536
26 37 0.39247486660424846
35 38 0.653793286807617
38 30 0.804517384117625
38 26 0.8364551586186458
39 23 0.5228174973841354
31 39 0.2045529721322541
39 4 0.2360315729789837
40 36 0.620799939679574
40 13 0.9169828918584103
3 40 0.2349145658633196
41 2 0.7708546728886595
41 14 0.8978324580844977
41 27 0.4634557056125782
42 2 0.3552960686302278
42 18 0.06859961751930765
42 12 0.6245323251485545
43 2 0.6482570018834382
43 41 0.2705761281079281
5 43 0.23357887461378601
44 25 0.43282157710042013
19 44 0.37498909943193137
44 9 0.42126255733371876
45 2 0.11372249300043846
45 36 0.5973187555887893
36 45 0.39795622928492747
45 46 0.27614659375085737
46 5 0.793556499469647
46 15 0.03967610147436473
1 47 0.26666480737545817
32 47 0.6159783059240562
47 36 0.6769849121236878
48 30 0.5776768441108515
48 18 0.3317419694713918
48 2 0.4607445162634358
49 46 0.32455156296380105
49 13 0.8964636731378972
5 49 0.8895639649309115
17 50 0.41364474080188396
50 11 0.4115494720221281
50 46 0.09352955131361684
2 51 0.6495320809054884
51 3 0.03334597684001672
51 7 0.1335307373541793
52 24 0.3186006189293916
44 52 0.28751501405009416
52 43 0.19777197046882788
1 53 0.6134292230327193
15 53 0.029266987537765465
53 2 0.36599108555578463
14 54 0.6060012418366237
54 18 0.5174497638850684
54 14 0.12545203479755052
55 35 0.3776847961898181
20 55 0.0841557283173231
52 55 0.46627448999421806
56 11 0.8912185766252462
47 56 0.7520364469215332
56 6 0.5837656888117673
36 57 0.3766450269891052
57 30 0.10121487997045364
13 57 0.3557935695224871
56 58 0.02597275039418001
58 3 0.3373470674024025
2 58 0.8432906707290161
13 59 0.8693344696131365
5 59 0.6148413016572288
59 57 0.20474809805643002
60 31 0.6127365433604045
60 29 0.6237845911295556
60 29 0.8898026245583156
61 38 0.8353104758805088
31 61 0.12745749015018004
61 53 0.9863229600247579
62 32 0.9327089135550537
62 27 0.47304307634297593
62 27 0.05349366836137348
36 63 0.0997208570123288
63 2 0.42276820868110065
63 6 0.3771479758119721
64 36 0.19018381461442813
12 64 0.5860120033976679
64 44 0.9468739783734056
65 36 0.9099945544602999
65 29 0.095226129420658
65 25 0.2703763004596732
35 66 0.4437516489225273
1 66 0.06561678126838744
47 66 0.5661642600773696
38 67 0.32262094939586583
67 4 0.7143155067135836
1 67 0.18248037060990552
40 68 0.24042622478942333
24 68 0.43259670873171174
68 25 0.9271576015984961
37 69 0.24636806246534426
16 69 0.6616205209026783
29 69 0.9189437633876182
36 70 0.9497705943641858
6 70 0.502048310282216
13 70 0.3861939278092259
