2 1 0.20295521276362005
3 1 0.65719849749778
3 2 0.6394750530333488
1 4 0.9599054057590014
4 2 0.22408156780559485
4 3 0.6873794905457417
5 3 0.2270686296500335
5 4 0.6428862117875177
2 5 0.05016323948821966
6 3 0.3823524719775917
6 3 0.49161574817271136
3 6 0.9557972272159817
3 7 0.4647582386456762
7 6 0.9064283484752221
7 5 0.2820810370593906
3 8 0.41044928258452185
8 7 0.0717501707721595
8 7 0.46703246333320025
9 5 0.06296343805379256
6 9 0.39609645956989237
6 9 0.5309895606886639
8 10 0.8634962096554188
10 2 0.14853208756724434
10 3 0.4224481671359921
