1 2 0.5100982949533936
3 1 0.8892196765781033
3 2 0.6662748141278676
1 4 0.9849956272940361
2 4 0.6951561600823563
4 3 0.2344091404143921
5 1 0.45064472375903564
1 5 0.9820104232665627
4 5 0.21341848900489302
5 6 0.5843964705151136
6 1 0.7048009486639731
6 1 0.28658208273240937
1 7 0.8139896572811907
1 7 0.014329258421110658
7 5 0.4256845779838464
8 2 0.8623458463671129
4 8 0.4120939675158013
8 1 0.5862260344214658
9 1 0.8106318538419501
4 9 0.9012688205053416
1 9 0.5405756932876838
10 8 0.04857497157697466
10 5 0.8935856135067277
10 1 0.9878258728497437
1 11 0.6826224454528715
11 3 0.09554868804452854
5 11 0.31595629243533085
12 9 0.36095595718038387
4 12 0.7119549291742544
12 1 0.0421880425055029
13 3 0.8164752308828905
13 3 0.936656811641403
4 13 0.2389076478689749
8 14 0.29027552838604476
13 14 0.7861994057731055
14 1 0.5493931348328275
15 2 0.31040347427712833
15 4 0.2827805105856126
15 6 0.08646193197755514
16 7 0.3125734824673936
16 1 0.4069900442028128
16 12 0.9727995548126358
1 17 0.5236378845828326
17 15 0.9072902060316167
1 17 0.731686012064084
12 18 0.9121357197742291
18 15 0.533444370714293
18 8 0.9424339295494136
19 10 0.3788032731661908
6 19 0.9296540460384457
19 11 0.6216080798340794
8 20 0.6881083455737277
16 20 0.1381393031391468
1 20 0.41897817907527946
1 21 0.7732462980681174
21 15 0.6434662782541269
6 21 0.8919345335292487
22 19 0.0892995699544532
22 10 0.872823832119618
1 22 0.5800521938889928
1 23 0.9877753942281534
1 23 0.34626821335725555
23 9 0.6493943898705443
24 4 0.7066009382760772
2 24 0.62528853555242
19 24 0.016330902631762956
1 25 0.1007359133061726
25 15 0.5473627882088183
15 25 0.3856526661678764
9 26 0.3503897700068048
19 26 0.45503671156092595
7 26 0.5398117770221318
1 27 0.537181852836383
27 19 0.0015375937207707802
6 27 0.18620054550960707
28 19 0.302282390515478
23 28 0.3295735397304451
28 4 0.3231082038444283
13 29 0.36056403035194495
29 1 0.9424223880658074
29 4 0.2247528584286772
30 9 0.30318437939141774
30 5 0.27352415495601456
30 6 0.8476398919260864
10 31 0.4295627397070306
31 1 0.0854545927188699
5 31 0.24064239356726325
32 1 0.4664026137433678
6 32 0.4716711495618807
32 29 0.35123031185647946
33 5 0.5704260939620165
20 33 0.4296231609273107
33 26 0.927767331521851
1 34 0.6032307784960292
34 15 0.5369128465269984
34 1 0.21365499678262412
35 7 0.45012192029356746
8 35 0.7291899260295418
31 35 0.34543559687166436
1 36 0.4699274102897868
36 13 0.6315859577614387
1 36 0.9905506021107765
37 16 0.5975494246199448
28 37 0.21259888534247484
30 37 0.5694778839273585
3 38 0.6329692925955357
38 16 0.3491308123126746
38 25 0.5840886078156579
39 1 0.8854554238440333
4 39 0.6501295281282901
39 4 0.9810384039366324
40 6 0.6029156755873338
3 40 0.8481740949230947
40 26 0.34035171583536017
41 6 0.2305324384239431
41 1 0.26431501134113244
41 1 0.8828228723446635
19 42 0.9379944954283034
42 8 0.057008456999597446
4 42 0.9179306450404993
4 43 0.9119449820363724
43 8 0.5503440274099185
43 3 0.8664597632193269
15 44 0.47385738082523354
44 38 0.5092004638441323
44 6 0.7195836658344847
39 45 0.4950488094623299
45 1 0.9965319363352679
45 25 0.6660164570742879
44 46 0.24378427696259697
38 46 0.4626467131333847
11 46 0.5104371174140735
47 14 0.4332543023410155
47 1 0.6892783094976034
36 47 0.12963366805376952
16 48 0.6748301039896691
36 48 0.057815528717463094
13 48 0.07777062632495035
31 49 0.28882100279139267
35 49 0.41259675487880687
49 22 0.9125412873586076
1 50 0.1827435093373736
50 28 0.3029285723612053
50 16 0.5304156799434037
4 51 0.5773328749044924
11 51 0.9681391595091264
51 24 0.715994504136177
51 52 0.8810434351994396
52 19 0.4894446542435196
52 4 0.9983100276414705
53 18 0.05380830277688475
49 53 0.08256313817743455
53 42 0.6637443983167329
44 54 0.1435226990774544
25 54 0.6964718095287971
14 54 0.5626778926179454
41 55 0.20818803784388973
55 4 0.49503032208763076
55 6 0.575365915051941
56 1 0.7846838856563292
8 56 0.6013280994253669
56 18 0.20353103422709684
35 57 0.6132753765343367
19 57 0.336701880056396
57 14 0.2398974416402151
58 12 0.9788083682237482
58 46 0.8679809436306913
53 58 0.09525850974564554
59 15 0.706811483544188
59 11 0.35055267504558907
59 8 0.6464454972817552
60 26 0.918313208876708
4 60 0.27743057459048215
60 13 0.49898542068690066
61 6 0.14709664355812846
61 50 0.7761345661126385
61 60 0.3264732766049302
62 19 0.8385606621527439
62 14 0.9725196672325784
62 1 0.3215554331625403
1 63 0.9527100465685081
25 63 0.5100192014035934
63 9 0.35345616614648645
10 64 0.4893725140923233
27 64 0.08659163926572044
64 35 0.5098194528074549
65 1 0.6177901438984184
6 65 0.09688361322794115
65 57 0.43138130747108094
66 58 0.5527613312736539
49 66 0.7244855580378834
1 66 0.8373408691310494
67 28 0.8213531656081905
67 15 0.030231705649071516
8 67 0.88043695458979
7 68 0.45863774039717764
68 25 0.5467192768130078
9 68 0.733588902017922
15 69 0.3739355992029305
69 15 0.9304715264635276
15 69 0.13204635219481542
12 70 0.4723702636341941
70 20 0.4541115098810192
1 70 0.8720755067850856
71 60 0.9241077175735214
71 53 0.33706829500665814
71 10 0.8392128020826943
27 72 0.5764848670708297
4 72 0.21871787426033418
72 17 0.7555267019299983
73 71 0.6744951058141149
73 10 0.6019139481211515
73 40 0.47221756322859054
74 16 0.7361130257674899
63 74 0.4181778127229997
15 74 0.6881841270074216
75 67 0.7942189895125701
64 75 0.05201272522514899
47 75 0.9969348183113059
50 76 0.581691919622245
76 64 0.6099143874672732
76 63 0.30893124458479626
77 8 0.9876878447249288
23 77 0.6212016453313894
77 1 0.004520760881214447
1 78 0.6845387498174835
9 78 0.14906696051833657
78 72 0.8554277481540441
12 79 0.1841861258987284
79 40 0.4471909032965419
40 79 0.45881404521059954
80 70 0.8934189302780875
29 80 0.34087051964780857
80 6 0.5424218048810757
81 65 0.9865277461084303
81 71 0.48338266862820234
81 26 0.4057065382795688
64 82 0.14058439680633328
6 82 0.8014151900963243
82 57 0.6412190845866873
1 83 0.4037175065782037
83 13 0.6873845986647859
83 72 0.27218488921271333
84 80 0.552062863454588
84 14 0.17342180227210258
1 84 0.45257426952414903
52 85 0.48414050558118604
4 85 0.4884300251235355
72 85 0.8854791790221254
86 8 0.6668521388473393
86 62 0.705205519645466
4 86 0.7333491674621537
67 87 0.9141544129479426
87 79 0.9049437116770833
87 70 0.20479909614655545
49 88 0.14571835187465643
88 1 0.35379660075790675
51 88 0.8661776573266756
89 75 0.9630431474095791
89 57 0.6859572035174724
16 89 0.5795420120806262
90 7 0.6981600913599127
90 8 0.19637363397168595
90 66 0.5778414231877466
