1 2 0.6681877186508278
1 3 0.38878625792334576
2 3 0.5008372341284609
4 1 0.09617811813371091
2 4 0.9388382418438679
3 4 0.25872877224837787
5 3 0.85925672502549
4 5 0.5668410350434018
5 3 0.5096546682175237
1 6 0.3340620239676243
5 6 0.8386048469443892
6 3 0.26122613296532005
7 1 0.14787185732692476
7 5 0.7881695196213806
3 7 0.6013223160137713
8 4 0.03878027088101921
4 8 0.08106923117136455
8 7 0.6143494845585498
5 9 0.35059368786025424
5 9 0.36648828583824444
5 9 0.5044424141373156
10 8 0.04075921332326049
3 10 0.11125284081108644
2 10 0.8601079027648767
11 5 0.806821630361947
11 6 0.8260286237991936
10 11 0.31622588662017503
12 5 0.4605146793830366
6 12 0.4364970337154058
12 3 0.4229775533080018
8 13 0.6922481773413064
13 5 0.9784599478586173
6 13 0.05552813785539634
14 9 0.1245800252774979
14 2 0.9337269228881248
14 3 0.6786247280765207
4 15 0.35774698997783616
12 15 0.11359523158950724
10 15 0.669067851857424
16 5 0.1942942085396976
3 16 0.2941260577989129
16 5 0.2137471653228411
4 17 0.9381588538248056
17 5 0.08602875040234059
17 4 0.6656319413869706
18 4 0.474266157867537
10 18 0.5656955775974513
4 18 0.390351941453029
19 10 0.3382375725109422
7 19 0.23172009950259598
15 19 0.6559378120500328
3 20 0.5080978061131227
20 3 0.5194655558243659
5 20 0.2833345657492784
21 2 0.469021926770125
21 8 0.31124233607938356
21 3 0.8975540849742452
21 22 0.05168848960771755
7 22 0.730479921327887
19 22 0.5510432159750684
11 23 0.7149254635938619
11 23 0.5193296260740307
4 23 0.41484416853360595
5 24 0.5462216995095961
5 24 0.6062272595434349
13 24 0.16058278668149895
22 25 0.03681159267622258
25 19 0.5827012136189755
10 25 0.4161841527851985
26 21 0.99431931054443
14 26 0.0915413726918144
7 26 0.6211270369393134
27 3 0.38886143697335995
27 4 0.4420625497085532
5 27 0.3661625232792344
20 28 0.5052155703885086
28 10 0.03853109857001724
28 4 0.09338794268188633
29 22 0.9664639423301334
29 23 0.9291424034839714
3 29 0.027676116819652874
30 5 0.6583514522873606
30 10 0.3810509357317856
30 2 0.33855437849396
4 31 0.6834967388335836
9 31 0.39482898305174674
31 16 0.12670998421436586
32 8 0.7737201806089882
4 32 0.905415512080589
19 32 0.996561847860239
33 11 0.8180475959936039
4 33 0.6081468932020941
23 33 0.29998502601086807
34 24 0.5836041460470105
13 34 0.5442286977035918
34 4 0.9201430874343905
35 12 0.8887195526012985
17 35 0.5415517390187676
12 35 0.08070950753870565
36 14 0.3745384911158943
36 9 0.35361178764328915
5 36 0.7567061893357917
37 12 0.565092486797731
37 34 0.2691575095113736
4 37 0.0010000523611503054
38 3 0.24148519969781512
38 29 0.9972725012939697
5 38 0.4314717543947225
39 15 0.0037255408887327812
5 39 0.7603617397476554
39 2 0.6893172925882824
15 40 0.8090857640126959
40 4 0.400334370955278
40 5 0.7675586547755452
41 3 0.472191257956888
4 41 0.6153505441371886
41 2 0.7732549132999232
5 42 0.27095479582768334
42 5 0.8095957347172699
11 42 0.1714071274987814
43 28 0.2875696439808316
43 3 0.3002237759604678
43 5 0.45126210068346584
33 44 0.8391305046895207
44 39 0.7014579978014606
8 44 0.9518560911564836
3 45 0.42159257532669747
45 15 0.08102522734443263
45 23 0.7485172830627752
46 8 0.1016215659654337
46 7 0.004216924162044555
20 46 0.7310461278956868
47 12 0.017472515275065992
42 47 0.4729164392679175
47 27 0.22311447401687434
5 48 0.40705777773981167
4 48 0.9159868993883447
48 18 0.8371930754515127
9 49 0.07495455160797693
49 41 0.41443466018918795
23 49 0.013000511232113654
50 30 0.7376775451279785
50 37 0.2758788630944411
50 48 0.41083798116341375
38 51 0.6748883213150518
5 51 0.7514034610098536
51 7 0.5448588481127202
10 52 0.8373912568818355
52 12 0.7899090067110391
51 52 0.04933648988078576
53 4 0.9173740114290652
53 8 0.7288815974076063
53 38 0.6527521540505311
54 12 0.44935299739337586
54 21 0.6758806089363185
5 54 0.7797595972282994
16 55 0.12127395314207445
4 55 0.4286092803518533
21 55 0.3251924158033951
56 1 0.5448166981027736
7 56 0.7656887592907914
56 41 0.4702442604747812
57 15 0.2595522212800335
4 57 0.26413972779991735
57 5 0.9417888347701161
7 58 0.08680456297038475
2 58 0.16506516705152374
58 25 0.6312482109614435
9 59 0.9621586529125308
59 5 0.5974572277711131
59 12 0.24306715138395407
60 29 0.3566768020846691
16 60 0.6789217772382651
45 60 0.6152984931769724
5 61 0.6164719981673901
38 61 0.7132981113327442
61 24 0.5947987263144345
12 62 0.2537680141986589
15 62 0.44529789190236313
1 62 0.46441575728978146
12 63 0.03931504163252386
30 63 0.6197395983866079
21 63 0.9808838704034597
64 43 0.02528547930604308
64 53 0.08977895694804128
3 64 0.6888098838016018
65 3 0.42892154712974306
65 23 0.162510976338482
52 65 0.7785176718922153
66 17 0.558142430927941
10 66 0.8539836158044823
51 66 0.4345948909729431
67 36 0.9058065721626883
21 67 0.1827764175160933
67 4 0.255064754289854
17 68 0.5840361247631386
4 68 0.8090813733707503
10 68 0.9164257242212458
5 69 0.6271275521707138
69 20 0.9661306934869721
69 15 0.9947960768908454
60 70 0.37032215164874716
53 70 0.6910377569661817
50 70 0.15945629440322973
71 21 0.8521683492799093
71 13 0.35125891796494835
71 5 0.20275758025586277
72 39 0.259390625725598
2 72 0.3294359407714552
15 72 0.4764532743698956
73 11 0.46676119715479236
73 22 0.3512596675629829
73 34 0.6886125145229848
5 74 0.5815933546249343
9 74 0.5535006453376037
74 38 0.028825898773604752
75 12 0.5270391171612971
75 3 0.08727551084520369
33 75 0.20230474110658359
76 41 0.3197482375262338
10 76 0.796270149698168
76 23 0.8938915213477863
77 52 0.9324933781123467
77 3 0.9069265154712889
77 48 0.22847722635315137
78 48 0.09466404621730151
30 78 0.2068669092215767
78 6 0.24802566380045743
4 79 0.13808602598472464
79 55 0.6612794546780723
3 79 0.8048722391763281
5 80 0.03726836897346364
56 80 0.06855465807712924
80 3 0.20834922192460437
