1 2 0.5100982949533936
3 1 0.8892196765781033
3 2 0.6662748141278676
1 4 0.9849956272940361
2 4 0.6951561600823563
4 3 0.2344091404143921
5 1 0.45064472375903564
1 5 0.9820104232665627
4 5 0.21341848900489302
5 6 0.5843964705151136
6 1 0.7048009486639731
6 1 0.28658208273240937
1 7 0.8139896572811907
1 7 0.014329258421110658
7 5 0.4256845779838464
8 2 0.8623458463671129
4 8 0.4120939675158013
8 1 0.5862260344214658
9 1 0.8106318538419501
4 9 0.9012688205053416
1 9 0.5405756932876838
10 8 0.04857497157697466
10 5 0.8935856135067277
10 1 0.9878258728497437
1 11 0.6826224454528715
11 3 0.09554868804452854
5 11 0.31595629243533085
12 9 0.36095595718038387
4 12 0.7119549291742544
12 1 0.0421880425055029
13 3 0.8164752308828905
13 3 0.936656811641403
4 13 0.2389076478689749
8 14 0.29027552838604476
13 14 0.7861994057731055
14 1 0.5493931348328275
15 2 0.31040347427712833
15 4 0.2827805105856126
15 6 0.08646193197755514
16 7 0.3125734824673936
16 1 0.4069900442028128
16 12 0.9727995548126358
1 17 0.5236378845828326
17 15 0.9072902060316167
1 17 0.731686012064084
12 18 0.9121357197742291
18 15 0.533444370714293
18 8 0.9424339295494136
19 10 0.3788032731661908
6 19 0.9296540460384457
19 11 0.6216080798340794
8 20 0.6881083455737277
16 20 0.1381393031391468
1 20 0.41897817907527946
1 21 0.7732462980681174
21 15 0.6434662782541269
6 21 0.8919345335292487
22 19 0.0892995699544532
22 10 0.872823832119618
1 22 0.5800521938889928
1 23 0.9877753942281534
1 23 0.34626821335725555
23 9 0.6493943898705443
24 4 0.7066009382760772
2 24 0.62528853555242
19 24 0.016330902631762956
1 25 0.1007359133061726
25 15 0.5473627882088183
15 25 0.3856526661678764
