2 1 0.7500765736688084
1 3 0.9179432641009218
2 3 0.4243272506160384
1 4 0.38526846777910306
2 4 0.28736487354354945
3 4 0.4258531656593383
1 5 0.27979048519121796
2 5 0.7821701702674472
5 2 0.9591167851011978
1 6 0.9089348385459523
6 4 0.8059443628149331
4 6 0.07114520389477053
2 7 0.19056424641538172
7 2 0.5757469117385482
3 7 0.4585294315971872
8 5 0.4946855020272881
8 7 0.1737856446238607
8 4 0.49847640251499936
9 6 0.6810314215293459
8 9 0.07127739866344729
9 4 0.7116637648190108
10 1 0.8335041187935135
10 3 0.166771344511768
10 3 0.2045075375089389
11 4 0.5407763341422298
11 10 0.3351953805330564
11 2 0.8786949755050174
8 12 0.8456159159335571
2 12 0.277072016341698
3 12 0.35776561384773975
13 2 0.5282903687227712
3 13 0.8696051814642142
13 8 0.5760404825450622
13 14 0.951855934995593
14 3 0.4028092082757341
14 3 0.7869330769492026
4 15 0.6528677444800812
3 15 0.007511314738930408
15 6 0.8687918514623031
16 3 0.03063844709528818
16 1 0.6924817849323716
13 16 0.7250928728939255
17 1 0.7953645058305031
14 17 0.2131247462382012
17 12 0.12797063594300007
18 7 0.9464609021447743
18 1 0.6040592509495132
12 18 0.6602102132024069
19 1 0.16684460001123247
19 10 0.33047278871051966
19 13 0.49091740226189495
20 6 0.4328349377396269
17 20 0.43309577268426536
20 4 0.6840732299625001
21 1 0.07027870317091389
21 2 0.6568593861645079
2 21 0.2745135676531619
1 22 0.6951860127056826
22 7 0.3036552347832522
22 20 0.0019672765082348054
23 7 0.6052449200633779
23 3 0.3437576365565186
3 23 0.8707927216794306
22 24 0.4055163571530349
1 24 0.9192072999767428
24 20 0.11459963265791684
25 17 0.6654297458404482
25 1 0.3897677723185685
4 25 0.7838302731742648
2 26 0.25546801098247596
1 26 0.5427356814019064
26 17 0.9164135082158827
27 20 0.40674864639301433
27 19 0.7412110407754893
6 27 0.3705201979087802
28 7 0.1793047939057557
6 28 0.2754967895464151
28 12 0.412092874415973
29 13 0.43016271509487003
29 19 0.22124643882651762
24 29 0.7929556827476902
2 30 0.2570795456934738
2 30 0.9746478691328206
17 30 0.5675575564028252
