2 1 0.3067431028428471
1 3 0.8024247589292117
3 2 0.779017041304043
4 1 0.6335591710390461
4 2 0.21633077018878388
4 3 0.02437700143270316
5 2 0.6215576296534235
5 2 0.18660291589956457
5 2 0.8786542218489839
3 6 0.6073625967232583
6 1 0.6609346489147624
6 4 0.8058510864758812
7 5 0.011808943814084372
7 2 0.6281526167042115
5 7 0.8186389212399481
3 8 0.9227602420182026
3 8 0.8762464192738232
8 3 0.036935696341920066
9 2 0.8352135044418912
9 4 0.9645971498572393
9 4 0.6324514630388535
10 2 0.13254017230230342
2 10 0.6533345945297385
10 2 0.7310167472759581
5 11 0.693616343073213
11 2 0.4894449368307644
11 1 0.14628647636514824
3 12 0.6354658166593491
3 12 0.45019803247307777
12 5 0.2316924715645302
13 9 0.052966051845923956
13 7 0.20438102321237894
9 13 0.6852973522285573
5 14 0.8477905847277007
7 14 0.5836219692629967
10 14 0.7512445118702552
15 10 0.4884371830762356
15 13 0.5675009284145667
15 8 0.7394755434583582
