2 1 0.3067431028428471
1 3 0.8024247589292117
3 2 0.779017041304043
4 1 0.6335591710390461
4 2 0.21633077018878388
4 3 0.02437700143270316
5 2 0.6215576296534235
5 2 0.18660291589956457
5 2 0.8786542218489839
3 6 0.6073625967232583
6 1 0.6609346489147624
6 4 0.8058510864758812
7 5 0.011808943814084372
7 2 0.6281526167042115
5 7 0.8186389212399481
3 8 0.9227602420182026
3 8 0.8762464192738232
8 3 0.036935696341920066
9 2 0.8352135044418912
9 4 0.9645971498572393
9 4 0.6324514630388535
10 2 0.13254017230230342
2 10 0.6533345945297385
10 2 0.7310167472759581
5 11 0.693616343073213
11 2 0.4894449368307644
11 1 0.14628647636514824
3 12 0.6354658166593491
3 12 0.45019803247307777
12 5 0.2316924715645302
13 9 0.052966051845923956
13 7 0.20438102321237894
9 13 0.6852973522285573
5 14 0.8477905847277007
7 14 0.5836219692629967
10 14 0.7512445118702552
15 10 0.4884371830762356
15 13 0.5675009284145667
15 8 0.7394755434583582
16 4 0.17552049988873297
16 4 0.8394711085133242
16 11 0.767522896021514
17 7 0.9659545447324398
5 17 0.28874294588881855
17 8 0.5346217560743916
18 4 0.6334771155015146
8 18 0.1385956944797745
2 18 0.7905511375568547
1 19 0.6190992761884495
19 12 0.8315531222750657
9 19 0.26372748943176383
15 20 0.17952666839150133
20 3 0.5364780693793217
20 11 0.751857051727579
21 8 0.9199492683384373
3 21 0.07136731233920424
14 21 0.5379607960704412
22 9 0.838583540939618
22 1 0.3226714574668007
1 22 0.38391588709262603
10 23 0.370730522692998
13 23 0.7365892962059215
2 23 0.7987318747963716
24 5 0.6397497123953448
24 2 0.12875530932010892
24 8 0.07313898466707436
4 25 0.887009538221415
25 4 0.6510519960487217
25 4 0.8264450279407215
22 26 0.6609651949603322
26 1 0.8760989682376374
26 2 0.09805819328790977
15 27 0.15642607944415232
27 13 0.4002520279713041
3 27 0.16126434462739458
11 28 0.3023110345732605
28 4 0.5841306009584571
28 15 0.6673093962901322
3 29 0.010793961449232614
29 3 0.31710385251687545
29 8 0.6766901297670561
1 30 0.9693999792327113
30 1 0.388194814335207
30 10 0.07904358858546512
4 31 0.8170614801500086
27 31 0.9360650263629059
31 2 0.2188012169488217
32 15 0.17296795380053165
2 32 0.06225258159225078
32 28 0.8917764409441183
33 5 0.5402575117260322
33 18 0.3174367600667364
23 33 0.9735151026998532
34 12 0.30134585138755166
10 34 0.18171559039076401
24 34 0.326331254319734
4 35 0.9238073386537518
19 35 0.6406347165456712
35 14 0.9788795532169706
36 14 0.3178264755710555
10 36 0.9232356111526757
36 4 0.06950129983760511
1 37 0.22907423023484252
37 5 0.3376621048119254
4 37 0.6124395109309059
38 37 0.8931876870424701
38 7 0.45133414675159544
7 38 0.2813455492151733
39 7 0.4454356835457197
39 3 0.681149901363876
7 39 0.4184058818704004
40 10 0.46038391413427715
34 40 0.47840241660864524
1 40 0.8314590795891706
41 2 0.19175780100700235
36 41 0.10952100893605932
20 41 0.8703309449922797
9 42 0.3671647290339096
21 42 0.04779714730598594
23 42 0.77032483338861
43 23 0.33677034362102043
43 14 0.9043186555010607
2 43 0.4416641888305194
44 6 0.24599952471694342
31 44 0.3921559490447021
3 44 0.2688367141942628
11 45 0.06249041978462111
45 15 0.4867662322038906
1 45 0.15507448307727345
46 9 0.38334047167347696
46 37 0.879144621240486
46 19 0.7113658747440302
26 47 0.09600660316342324
40 47 0.12990107169270504
3 47 0.21488731329354693
48 6 0.2033790374370077
10 48 0.16938368870733755
31 48 0.0607181541659102
49 36 0.711481751339758
49 3 0.6106999300843193
17 49 0.38315470909625093
50 7 0.45887019298466847
50 24 0.21696096461364656
40 50 0.3917827656945616
