2 1 0.20295521276362005
3 1 0.65719849749778
3 2 0.6394750530333488
1 4 0.9599054057590014
4 2 0.22408156780559485
4 3 0.6873794905457417
5 3 0.2270686296500335
5 4 0.6428862117875177
2 5 0.05016323948821966
6 3 0.3823524719775917
6 3 0.49161574817271136
3 6 0.9557972272159817
3 7 0.4647582386456762
7 6 0.9064283484752221
7 5 0.2820810370593906
3 8 0.41044928258452185
8 7 0.0717501707721595
8 7 0.46703246333320025
9 5 0.06296343805379256
6 9 0.39609645956989237
6 9 0.5309895606886639
8 10 0.8634962096554188
10 2 0.14853208756724434
10 3 0.4224481671359921
11 1 0.4663884695873356
5 11 0.5752280875904924
2 11 0.2790611962592052
5 12 0.525909662129767
2 12 0.7633584142021841
8 12 0.8049584687302397
13 5 0.6913024640002764
1 13 0.7192436508243552
13 2 0.8811091836582033
8 14 0.19027362750416554
10 14 0.028677438524625676
10 14 0.5224047550381313
12 15 0.2388008374447551
15 4 0.145534694040944
15 4 0.6048525607420671
16 14 0.2070831490338182
2 16 0.3005063575909629
4 16 0.3076980436146547
17 5 0.8757942945550744
17 7 0.49543134518695064
17 13 0.7451845997727423
3 18 0.7787890747548809
18 9 0.08153577922353705
18 10 0.9427136578160009
19 9 0.5124101056011098
19 10 0.197661423810348
6 19 0.4675157363680186
20 2 0.9889647511697649
9 20 0.23902242226337056
20 9 0.2927078783650945
