1 2 0.07219414692276249
1 3 0.4601178138768074
2 3 0.99621084182963
4 1 0.7406664152461692
4 2 0.23078042850527292
4 3 0.1560349891807976
1 5 0.1543779967961032
5 1 0.27680172700618877
5 2 0.7546763736784046
6 1 0.7237585774746339
2 6 0.2786958943244996
1 6 0.559877638977542
7 1 0.9130535655299534
7 4 0.21186859714765105
1 7 0.07976143237776667
8 1 0.13016021307971848
8 4 0.549340342827281
8 4 0.40872761929289714
3 9 0.6007648977360996
9 2 0.4150487080989208
9 4 0.1829999037939143
10 3 0.674051878736494
10 1 0.15404366375546608
10 3 0.9145453395571039
6 11 0.11875063688794829
6 11 0.640053929641244
3 11 0.20578636703416908
1 12 0.9486316474281871
8 12 0.2267597781807612
1 12 0.6797077496163396
13 9 0.043161190013918715
13 1 0.8458121369414714
13 1 0.28778325403926275
14 4 0.4233390394146722
13 14 0.28977713019464313
14 8 0.5084460472609961
10 15 0.37093121078503266
15 1 0.7673086500046701
15 10 0.7281381949333305
16 6 0.4090123201018685
1 16 0.9230206322623202
10 16 0.897563922914681
4 17 0.03163111880752745
17 1 0.3453455468451929
17 3 0.09744309052793787
18 6 0.390851760720734
14 18 0.7332003825958103
4 18 0.0340643262496958
19 1 0.18682912616918645
19 1 0.9727789897159478
19 7 0.30066611358888484
20 17 0.459284186852162
1 20 0.1278333555363964
4 20 0.03984260222563252
21 4 0.21984973233797167
21 8 0.3238349496983741
21 19 0.2799926400669914
6 22 0.19384404990113768
22 2 0.31639204008468436
22 15 0.7503242371425577
9 23 0.9200194281165086
23 6 0.006393991249314723
1 23 0.9200745445982594
9 24 0.08009267705034384
24 6 0.561045538078286
6 24 0.866073729127154
5 25 0.08925663665082662
15 25 0.49314369968387695
9 25 0.9648628232687223
20 26 0.6141186913130557
10 26 0.5370095206605595
1 26 0.7116668170765834
27 21 0.04179383580737539
3 27 0.32358324584529385
1 27 0.6159623443556307
28 3 0.14192854808517463
1 28 0.9497722606512411
28 10 0.7119118318352563
17 29 0.06058435818478236
29 8 0.09534950912568962
29 6 0.2153090434005337
1 30 0.46084896167225087
30 26 0.39537011097812025
10 30 0.24087603941453106
31 12 0.3029868451323877
31 12 0.2071734761046652
4 31 0.28327970721837537
32 3 0.6528400430090457
32 8 0.9327110477658072
29 32 0.6154597059614187
33 4 0.6609302824940725
25 33 0.8090312495773663
26 33 0.27990084298555185
34 1 0.5687556584333717
34 31 0.8393971780042341
34 1 0.49078467745651033
4 35 0.4031075142441263
31 35 0.5808923728860019
18 35 0.17095212649963187
13 36 0.25865136194537264
1 36 0.27952436233371125
36 16 0.668688555522779
37 19 0.6231163775097269
8 37 0.8525929973374737
37 6 0.9217717828816775
1 38 0.35817486812449906
8 38 0.5730762661639567
2 38 0.8579553968996767
39 22 0.9447104051694628
39 18 0.9920760880587889
4 39 0.14021230656407646
3 40 0.8171740911903799
40 2 0.07833715907053984
1 40 0.5198643667825432
22 41 0.30570248298642355
41 10 0.15340802039180834
36 41 0.9152487035869402
42 41 0.07944424982490184
7 42 0.9929848548383027
5 42 0.07387809896898023
43 8 0.2050953117004607
8 43 0.4535955410158029
20 43 0.8128761191134545
44 6 0.10562039152587177
44 38 0.2833825433770313
44 4 0.4104979309396277
1 45 0.10472583825068549
32 45 0.4192611398152326
45 43 0.7822852407242568
8 46 0.6340930216027648
10 46 0.27131013966411843
18 46 0.8395078389005516
47 1 0.34263714797435274
4 47 0.6886489972189054
26 47 0.2148838825903524
6 48 0.7464489925731927
4 48 0.03214597486574644
48 6 0.7183843071080603
49 1 0.5241314098945431
31 49 0.3969338905570272
49 10 0.9292832413375154
50 44 0.12322708197463006
43 50 0.9802883295537835
50 32 0.9069123042313811
6 51 0.23905544274547497
51 44 0.6950452257440775
51 2 0.21473337442662088
1 52 0.504143585309803
1 52 0.16296258989219725
6 52 0.9122627952197871
53 38 0.7109711095185157
32 53 0.22216710846865728
4 53 0.22315265010637497
54 14 0.41342183808544586
28 54 0.5256708322938046
1 54 0.8694039330009666
4 55 0.31650685274132695
55 23 0.5894775596783446
55 25 0.1634088363284959
