2 1 0.36605021263009496
3 1 0.6525681754292202
3 2 0.0032936648098276233
1 4 0.8457582517839547
4 2 0.46521670301945295
3 4 0.5865527327070031
4 5 0.8683858716097673
5 2 0.9266394320893293
5 2 0.16461181279896742
6 3 0.2781097634786325
4 6 0.10842610227518201
1 6 0.5434350741937859
4 7 0.9898208608282628
7 6 0.5328423314322001
6 7 0.5691066575168382
3 8 0.9340590090674773
6 8 0.18502414638377496
1 8 0.8658901351164315
6 9 0.7719857867245399
6 9 0.9159900843136338
4 9 0.034388138732112106
10 6 0.3392308659426797
10 5 0.3948733689950574
10 5 0.6355393271932814
