1 2 0.07219414692276249
1 3 0.4601178138768074
2 3 0.99621084182963
4 1 0.7406664152461692
4 2 0.23078042850527292
4 3 0.1560349891807976
1 5 0.1543779967961032
5 1 0.27680172700618877
5 2 0.7546763736784046
6 1 0.7237585774746339
2 6 0.2786958943244996
1 6 0.559877638977542
7 1 0.9130535655299534
7 4 0.21186859714765105
1 7 0.07976143237776667
8 1 0.13016021307971848
8 4 0.549340342827281
8 4 0.40872761929289714
3 9 0.6007648977360996
9 2 0.4150487080989208
9 4 0.1829999037939143
10 3 0.674051878736494
10 1 0.15404366375546608
10 3 0.9145453395571039
