2 1 0.36605021263009496
3 1 0.6525681754292202
3 2 0.0032936648098276233
1 4 0.8457582517839547
4 2 0.46521670301945295
3 4 0.5865527327070031
4 5 0.8683858716097673
5 2 0.9266394320893293
5 2 0.16461181279896742
6 3 0.2781097634786325
4 6 0.10842610227518201
1 6 0.5434350741937859
4 7 0.9898208608282628
7 6 0.5328423314322001
6 7 0.5691066575168382
3 8 0.9340590090674773
6 8 0.18502414638377496
1 8 0.8658901351164315
6 9 0.7719857867245399
6 9 0.9159900843136338
4 9 0.034388138732112106
10 6 0.3392308659426797
10 5 0.3948733689950574
10 5 0.6355393271932814
11 7 0.8896463126910997
3 11 0.07315436827866573
11 1 0.14935497331925962
11 12 0.9618826497297003
12 5 0.10938507773969519
12 5 0.9891540979751321
4 13 0.4472833993657046
13 11 0.5921537348242368
13 12 0.6752947563724188
8 14 0.14607668370790916
14 11 0.7584918971473824
14 4 0.20475498335037945
15 4 0.7032441078755166
4 15 0.8560265773836038
15 4 0.9142101818264264
16 10 0.5244002398677883
1 16 0.9679259820908551
16 6 0.913629179811371
17 5 0.8906015013630394
4 17 0.5854620455729445
17 3 0.7271415104222971
18 15 0.5514587942710595
6 18 0.5609529741631927
4 18 0.8359421728171346
19 4 0.5473432082297797
19 17 0.7634097723984582
19 4 0.2025643180798603
10 20 0.087953937460302
13 20 0.5247220904693451
20 4 0.5707729525994953
21 9 0.4244827138343792
21 20 0.6830186253642817
19 21 0.6185419679698021
22 14 0.7502726459797817
3 22 0.14203422920597242
10 22 0.6833975197471938
23 12 0.20271177313401922
6 23 0.8392373305225369
6 23 0.4889018242703167
7 24 0.6473785046105063
24 17 0.7637975229679728
24 21 0.4294475883017186
25 12 0.18620195896260572
25 2 0.8172111177663677
25 5 0.6227203521951991
13 26 0.21913255406667087
15 26 0.5540330683934686
26 2 0.7465828538048416
17 27 0.6690425881047741
27 12 0.38698362492172567
27 4 0.5822530138177918
28 17 0.42989391258787046
22 28 0.8983512195528491
28 4 0.4120974286798271
22 29 0.12871900048720564
29 11 0.8390014160312367
16 29 0.8358024930508303
30 18 0.6176706868629579
30 21 0.3645408622879822
30 8 0.3543629466030338
1 31 0.1854207483948498
31 14 0.08713021205559035
14 31 0.8277772422724116
3 32 0.20938120233276358
16 32 0.8399774045723035
12 32 0.31353735268364424
5 33 0.7668759534602734
33 16 0.9679584313232917
33 20 0.5559340881685241
21 34 0.30477590342552485
34 4 0.897264319960062
9 34 0.791931385666158
35 3 0.42188665543232173
26 35 0.5541408375887074
35 4 0.7960265369794334
21 36 0.6533896779388285
36 4 0.917613574167371
36 3 0.9348805429531002
37 25 0.8722638878688599
37 34 0.21059900578535273
37 9 0.7144263136826491
14 38 0.28585266944536125
4 38 0.6683571108632026
17 38 0.6748727096284958
39 38 0.6206023979612991
1 39 0.8243384563718251
2 39 0.6076932099679382
40 20 0.21569616262460056
16 40 0.5142399679332222
40 8 0.054833496028878215
9 41 0.1355697502763359
41 1 0.6252213498016147
41 5 0.6376769145772988
42 8 0.7451236543197431
42 41 0.5189172635087876
42 5 0.7137271223709788
43 1 0.9202312719474518
43 3 0.8871761918003647
43 8 0.699229509034644
14 44 0.6984393943788922
3 44 0.21957673458913973
18 44 0.6309524550328345
6 45 0.22813348272825118
45 43 0.5041044135927827
45 35 0.8975126235465108
46 17 0.6136360458256279
6 46 0.064592552280473
37 46 0.6038539740235824
8 47 0.9368387106243797
47 6 0.8276211507384753
15 47 0.6558999675243649
48 40 0.4493973104243041
48 10 0.23870058518304849
48 33 0.6984796518977108
49 26 0.8007947957431591
4 49 0.4894793159148757
20 49 0.5695049590128509
50 32 0.9632806968183854
50 26 0.24896140443045167
50 17 0.9320355255451702
35 51 0.44306079754173333
3 51 0.09815628708225776
51 43 0.9374178719690993
7 52 0.5908253717247058
48 52 0.2602400610772023
52 21 0.12261497467690119
53 8 0.5733769680820647
21 53 0.534115653861637
10 53 0.9470337994942033
54 13 0.0938537469839823
25 54 0.9578992056387247
54 13 0.7578343132656077
55 5 0.16809542350598727
47 55 0.8434790647403456
54 55 0.2718879688753779
17 56 0.36162919504333824
5 56 0.6394884021021037
3 56 0.9648316333038638
57 17 0.24263662208875725
57 17 0.4639175972332741
3 57 0.4196036222972752
4 58 0.006091567449238333
35 58 0.09358488412742427
7 58 0.6101391629313604
59 28 0.6767284960245329
59 33 0.4461923524964889
59 16 0.9176200007877482
13 60 0.9519673176188886
20 60 0.5198303263026822
2 60 0.9051734894840966
1 61 0.9504548970261912
61 37 0.47332890526656224
3 61 0.13378431886671727
62 13 0.8393873653365685
62 7 0.35173977063915096
17 62 0.06057218355136251
5 63 0.12801896875990737
60 63 0.6725538744343782
35 63 0.7833438465662914
16 64 0.11592898921714179
58 64 0.384648876463091
64 9 0.8314799055139339
65 43 0.02989550653495121
65 54 0.08063869241246902
60 65 0.056455569280239426
1 66 0.9653236620172504
35 66 0.673962872419156
43 66 0.23081105749880337
67 49 0.9211379134780795
52 67 0.35090655330428266
13 67 0.3757705628802277
2 68 0.27581040607624685
16 68 0.7818706965199466
68 7 0.891038310527209
4 69 0.33151257678059887
28 69 0.9043972336652687
69 10 0.16192631472348507
70 5 0.9034242005035868
70 32 0.380745093230322
21 70 0.9609734822776852
71 38 0.03547759892559155
4 71 0.06985633796175428
4 71 0.3545121986578057
72 8 0.8383856456907738
72 15 0.24588492221040337
35 72 0.1369063392951425
73 4 0.5522851353565911
73 25 0.32915205575574746
6 73 0.6666165195731801
3 74 0.07326927639224501
74 8 0.08213135754738943
33 74 0.07125736738814503
75 38 0.8115358377056543
29 75 0.8869684134921189
46 75 0.12755196340011898
