2 1 0.7500765736688084
1 3 0.9179432641009218
2 3 0.4243272506160384
1 4 0.38526846777910306
2 4 0.28736487354354945
3 4 0.4258531656593383
1 5 0.27979048519121796
2 5 0.7821701702674472
5 2 0.9591167851011978
1 6 0.9089348385459523
6 4 0.8059443628149331
4 6 0.07114520389477053
2 7 0.19056424641538172
7 2 0.5757469117385482
3 7 0.4585294315971872
8 5 0.4946855020272881
8 7 0.1737856446238607
8 4 0.49847640251499936
9 6 0.6810314215293459
8 9 0.07127739866344729
9 4 0.7116637648190108
10 1 0.8335041187935135
10 3 0.166771344511768
10 3 0.2045075375089389
