2 1 0.40239674133922787
1 3 0.34809060717062645
2 3 0.9177427771720723
4 1 0.5022578377644477
2 4 0.5830588591400419
4 3 0.26253403561202104
2 5 0.27984133318721993
3 5 0.7798813041354774
5 4 0.3233138732880434
6 4 0.1544420888887581
1 6 0.42865010613055066
6 3 0.7425509323793447
7 3 0.8408574983214724
3 7 0.25221873101471703
7 3 0.8321849786809247
2 8 0.27113980644463287
3 8 0.364350967348646
3 8 0.4243897761190403
3 9 0.08504645381642417
9 1 0.03502717202679406
9 3 0.4082048002485882
6 10 0.31283668482261373
9 10 0.7804087460870933
10 7 0.930294086956047
