2 1 0.36605021263009496
3 1 0.6525681754292202
3 2 0.0032936648098276233
1 4 0.8457582517839547
4 2 0.46521670301945295
3 4 0.5865527327070031
4 5 0.8683858716097673
5 2 0.9266394320893293
5 2 0.16461181279896742
6 3 0.2781097634786325
4 6 0.10842610227518201
1 6 0.5434350741937859
4 7 0.9898208608282628
7 6 0.5328423314322001
6 7 0.5691066575168382
3 8 0.9340590090674773
6 8 0.18502414638377496
1 8 0.8658901351164315
6 9 0.7719857867245399
6 9 0.9159900843136338
4 9 0.034388138732112106
10 6 0.3392308659426797
10 5 0.3948733689950574
10 5 0.6355393271932814
11 7 0.8896463126910997
3 11 0.07315436827866573
11 1 0.14935497331925962
11 12 0.9618826497297003
12 5 0.10938507773969519
12 5 0.9891540979751321
4 13 0.4472833993657046
13 11 0.5921537348242368
13 12 0.6752947563724188
8 14 0.14607668370790916
14 11 0.7584918971473824
14 4 0.20475498335037945
15 4 0.7032441078755166
4 15 0.8560265773836038
15 4 0.9142101818264264
16 10 0.5244002398677883
1 16 0.9679259820908551
16 6 0.913629179811371
17 5 0.8906015013630394
4 17 0.5854620455729445
17 3 0.7271415104222971
18 15 0.5514587942710595
6 18 0.5609529741631927
4 18 0.8359421728171346
19 4 0.5473432082297797
19 17 0.7634097723984582
19 4 0.2025643180798603
10 20 0.087953937460302
13 20 0.5247220904693451
20 4 0.5707729525994953
21 9 0.4244827138343792
21 20 0.6830186253642817
19 21 0.6185419679698021
22 14 0.7502726459797817
3 22 0.14203422920597242
10 22 0.6833975197471938
23 12 0.20271177313401922
6 23 0.8392373305225369
6 23 0.4889018242703167
7 24 0.6473785046105063
24 17 0.7637975229679728
24 21 0.4294475883017186
25 12 0.18620195896260572
25 2 0.8172111177663677
25 5 0.6227203521951991
13 26 0.21913255406667087
15 26 0.5540330683934686
26 2 0.7465828538048416
17 27 0.6690425881047741
27 12 0.38698362492172567
27 4 0.5822530138177918
28 17 0.42989391258787046
22 28 0.8983512195528491
28 4 0.4120974286798271
22 29 0.12871900048720564
29 11 0.8390014160312367
16 29 0.8358024930508303
30 18 0.6176706868629579
30 21 0.3645408622879822
30 8 0.3543629466030338
1 31 0.1854207483948498
31 14 0.08713021205559035
14 31 0.8277772422724116
3 32 0.20938120233276358
16 32 0.8399774045723035
12 32 0.31353735268364424
5 33 0.7668759534602734
33 16 0.9679584313232917
33 20 0.5559340881685241
21 34 0.30477590342552485
34 4 0.897264319960062
9 34 0.791931385666158
35 3 0.42188665543232173
26 35 0.5541408375887074
35 4 0.7960265369794334
21 36 0.6533896779388285
36 4 0.917613574167371
36 3 0.9348805429531002
37 25 0.8722638878688599
37 34 0.21059900578535273
37 9 0.7144263136826491
14 38 0.28585266944536125
4 38 0.6683571108632026
17 38 0.6748727096284958
39 38 0.6206023979612991
1 39 0.8243384563718251
2 39 0.6076932099679382
40 20 0.21569616262460056
16 40 0.5142399679332222
40 8 0.054833496028878215
