2 1 0.6401333815841024
1 3 0.7665221160684507
2 3 0.7618295555681237
1 4 0.7088328456311125
4 2 0.812246050765064
4 3 0.6837873938739218
5 2 0.3485806779579451
2 5 0.15796999745376084
3 5 0.7841376010416102
3 6 0.4067314155493955
3 6 0.19151547271239933
6 3 0.43728440156513915
4 7 0.4926041932794173
2 7 0.8349719051080926
7 6 0.29595600104787634
3 8 0.9060483387848244
3 8 0.8795016521586271
8 4 0.29167017284226615
9 6 0.6395041409688009
1 9 0.6732956074685754
9 6 0.91057411779787
8 10 0.29732375042203774
8 10 0.5633527146273589
3 10 0.5443876473756991
11 2 0.8507904618768367
2 11 0.9077943229912129
11 8 0.44068600792600476
12 5 0.7492666258308376
12 3 0.13284338708417665
1 12 0.33398762796152337
12 13 0.47191044650060543
4 13 0.7038294109991399
13 8 0.5737975990326348
6 14 0.24223001253588006
4 14 0.265520987238543
14 7 0.0009728706251052044
4 15 0.7304910064882866
15 11 0.13791252811379862
15 11 0.3508141130445833
