2 1 0.20295521276362005
3 1 0.65719849749778
3 2 0.6394750530333488
1 4 0.9599054057590014
4 2 0.22408156780559485
4 3 0.6873794905457417
5 3 0.2270686296500335
5 4 0.6428862117875177
2 5 0.05016323948821966
6 3 0.3823524719775917
6 3 0.49161574817271136
3 6 0.9557972272159817
3 7 0.4647582386456762
7 6 0.9064283484752221
7 5 0.2820810370593906
3 8 0.41044928258452185
8 7 0.0717501707721595
8 7 0.46703246333320025
9 5 0.06296343805379256
6 9 0.39609645956989237
6 9 0.5309895606886639
8 10 0.8634962096554188
10 2 0.14853208756724434
10 3 0.4224481671359921
11 1 0.4663884695873356
5 11 0.5752280875904924
2 11 0.2790611962592052
5 12 0.525909662129767
2 12 0.7633584142021841
8 12 0.8049584687302397
13 5 0.6913024640002764
1 13 0.7192436508243552
13 2 0.8811091836582033
8 14 0.19027362750416554
10 14 0.028677438524625676
10 14 0.5224047550381313
12 15 0.2388008374447551
15 4 0.145534694040944
15 4 0.6048525607420671
16 14 0.2070831490338182
2 16 0.3005063575909629
4 16 0.3076980436146547
17 5 0.8757942945550744
17 7 0.49543134518695064
17 13 0.7451845997727423
3 18 0.7787890747548809
18 9 0.08153577922353705
18 10 0.9427136578160009
19 9 0.5124101056011098
19 10 0.197661423810348
6 19 0.4675157363680186
20 2 0.9889647511697649
9 20 0.23902242226337056
20 9 0.2927078783650945
21 5 0.5680802436117383
11 21 0.212858302402687
6 21 0.7650027843481211
22 5 0.12070134235275376
22 11 0.4769571292193576
17 22 0.08054199913738591
23 14 0.1976711986300188
23 5 0.07702473296932721
17 23 0.6585976827596881
24 6 0.6409658461798606
24 3 0.73178285798451
22 24 0.04479493109353272
25 3 0.20359918915153274
25 1 0.960768925416145
17 25 0.9182864961713537
26 18 0.6389307691730908
26 17 0.09552430506247234
26 7 0.018383051427733554
27 7 0.14059867749962118
27 9 0.45582241488463204
18 27 0.011114910310075055
7 28 0.9433053002196155
28 6 0.6297804353692064
28 16 0.26518179306847556
29 6 0.4851231231017977
3 29 0.34276119589253184
29 22 0.04366499674317492
30 5 0.5504637503973074
30 28 0.5255865030988365
30 17 0.6623736639880725
5 31 0.5146362146424878
31 30 0.4943961827833987
31 27 0.6271617951159008
2 32 0.4768499743466753
3 32 0.8848201977546731
19 32 0.7287099458392504
11 33 0.013002192082489095
33 30 0.5563582030089974
33 4 0.7195504277303061
3 34 0.700755386818829
34 12 0.053102819348948116
7 34 0.8240736549201133
28 35 0.441254976588103
35 33 0.9099846356506878
5 35 0.6191854093853087
