2 1 0.7500765736688084
1 3 0.9179432641009218
2 3 0.4243272506160384
1 4 0.38526846777910306
2 4 0.28736487354354945
3 4 0.4258531656593383
1 5 0.27979048519121796
2 5 0.7821701702674472
5 2 0.9591167851011978
1 6 0.9089348385459523
6 4 0.8059443628149331
4 6 0.07114520389477053
2 7 0.19056424641538172
7 2 0.5757469117385482
3 7 0.4585294315971872
8 5 0.4946855020272881
8 7 0.1737856446238607
8 4 0.49847640251499936
9 6 0.6810314215293459
8 9 0.07127739866344729
9 4 0.7116637648190108
10 1 0.8335041187935135
10 3 0.166771344511768
10 3 0.2045075375089389
11 4 0.5407763341422298
11 10 0.3351953805330564
11 2 0.8786949755050174
8 12 0.8456159159335571
2 12 0.277072016341698
3 12 0.35776561384773975
13 2 0.5282903687227712
3 13 0.8696051814642142
13 8 0.5760404825450622
13 14 0.951855934995593
14 3 0.4028092082757341
14 3 0.7869330769492026
4 15 0.6528677444800812
3 15 0.007511314738930408
15 6 0.8687918514623031
16 3 0.03063844709528818
16 1 0.6924817849323716
13 16 0.7250928728939255
17 1 0.7953645058305031
14 17 0.2131247462382012
17 12 0.12797063594300007
18 7 0.9464609021447743
18 1 0.6040592509495132
12 18 0.6602102132024069
19 1 0.16684460001123247
19 10 0.33047278871051966
19 13 0.49091740226189495
20 6 0.4328349377396269
17 20 0.43309577268426536
20 4 0.6840732299625001
21 1 0.07027870317091389
21 2 0.6568593861645079
2 21 0.2745135676531619
1 22 0.6951860127056826
22 7 0.3036552347832522
22 20 0.0019672765082348054
23 7 0.6052449200633779
23 3 0.3437576365565186
3 23 0.8707927216794306
22 24 0.4055163571530349
1 24 0.9192072999767428
24 20 0.11459963265791684
25 17 0.6654297458404482
25 1 0.3897677723185685
4 25 0.7838302731742648
2 26 0.25546801098247596
1 26 0.5427356814019064
26 17 0.9164135082158827
27 20 0.40674864639301433
27 19 0.7412110407754893
6 27 0.3705201979087802
28 7 0.1793047939057557
6 28 0.2754967895464151
28 12 0.412092874415973
29 13 0.43016271509487003
29 19 0.22124643882651762
24 29 0.7929556827476902
2 30 0.2570795456934738
2 30 0.9746478691328206
17 30 0.5675575564028252
19 31 0.750467340160933
31 3 0.10074176210259156
7 31 0.15006973522721467
2 32 0.2780991738496079
23 32 0.1539140384785781
3 32 0.32410453184085375
33 31 0.9758382303656999
16 33 0.7051132681199989
3 33 0.8681902064514271
34 22 0.3918267913266057
34 4 0.5249515737594922
34 24 0.21266166399464403
1 35 0.6500368182873145
35 19 0.01709289220027088
28 35 0.3184494319714619
36 22 0.7551961080254093
36 2 0.5019538585794211
30 36 0.2920157452623303
37 29 0.5599662897760994
7 37 0.7276058459131841
36 37 0.9869002896176238
38 34 0.3199294162079529
22 38 0.10070638938183818
7 38 0.026454060510915367
39 21 0.009835545427231751
39 14 0.021401588118357795
39 3 0.8883964999221239
8 40 0.6758524923942533
40 3 0.8896742195399616
27 40 0.7110103852526755
41 1 0.7471463006874043
18 41 0.755912787336093
41 40 0.09462656246246548
42 22 0.17645082687378744
35 42 0.012146222684098262
42 1 0.7349299549402869
3 43 0.4450800641168584
17 43 0.9211799747563819
43 6 0.6195664356362179
44 7 0.8756610682033789
35 44 0.8034340515975681
22 44 0.08709587425822052
45 29 0.13796304041226692
1 45 0.45985319543374403
45 20 0.245484190860208
46 43 0.22698300962004359
20 46 0.7021559445305121
46 1 0.28267286875179987
47 3 0.8790374221032567
6 47 0.20525161936848013
47 10 0.924976136059093
7 48 0.8325697589928743
38 48 0.9077681856299036
46 48 0.11229784133769716
49 47 0.7746178569174623
49 30 0.27008316017475786
49 43 0.8121497083912774
50 19 0.13392831681139372
29 50 0.20403551042671242
50 33 0.2473664302492823
7 51 0.030690492856618734
51 46 0.12811107441732938
26 51 0.9700225090995681
52 44 0.5966713808299018
13 52 0.08437976227812805
52 39 0.9287069584360246
31 53 0.6879704336898906
53 6 0.9047410666145667
53 4 0.17946171984528236
19 54 0.8678499795675435
9 54 0.07776984816257548
54 50 0.3182314731357855
3 55 0.5045145060309539
55 7 0.9701877794003821
5 55 0.5045991769015037
