1 2 0.6681877186508278
1 3 0.38878625792334576
2 3 0.5008372341284609
4 1 0.09617811813371091
2 4 0.9388382418438679
3 4 0.25872877224837787
5 3 0.85925672502549
4 5 0.5668410350434018
5 3 0.5096546682175237
1 6 0.3340620239676243
5 6 0.8386048469443892
6 3 0.26122613296532005
7 1 0.14787185732692476
7 5 0.7881695196213806
3 7 0.6013223160137713
8 4 0.03878027088101921
4 8 0.08106923117136455
8 7 0.6143494845585498
5 9 0.35059368786025424
5 9 0.36648828583824444
5 9 0.5044424141373156
10 8 0.04075921332326049
3 10 0.11125284081108644
2 10 0.8601079027648767
11 5 0.806821630361947
11 6 0.8260286237991936
10 11 0.31622588662017503
12 5 0.4605146793830366
6 12 0.4364970337154058
12 3 0.4229775533080018
8 13 0.6922481773413064
13 5 0.9784599478586173
6 13 0.05552813785539634
14 9 0.1245800252774979
14 2 0.9337269228881248
14 3 0.6786247280765207
4 15 0.35774698997783616
12 15 0.11359523158950724
10 15 0.669067851857424
