2 1 0.40239674133922787
1 3 0.34809060717062645
2 3 0.9177427771720723
4 1 0.5022578377644477
2 4 0.5830588591400419
4 3 0.26253403561202104
2 5 0.27984133318721993
3 5 0.7798813041354774
5 4 0.3233138732880434
6 4 0.1544420888887581
1 6 0.42865010613055066
6 3 0.7425509323793447
7 3 0.8408574983214724
3 7 0.25221873101471703
7 3 0.8321849786809247
2 8 0.27113980644463287
3 8 0.364350967348646
3 8 0.4243897761190403
3 9 0.08504645381642417
9 1 0.03502717202679406
9 3 0.4082048002485882
6 10 0.31283668482261373
9 10 0.7804087460870933
10 7 0.930294086956047
2 11 0.23172953137488705
10 11 0.17658282182116614
4 11 0.24810053183413694
12 11 0.6294229803340707
4 12 0.939513127313708
12 7 0.3838018542280919
4 13 0.6499383117708071
13 8 0.39379967265993043
13 3 0.2730373016021834
2 14 0.4527852831344561
11 14 0.1352288240285615
14 9 0.1864222778398661
15 13 0.0447578387340305
11 15 0.09034733924370175
14 15 0.4000848397758382
16 1 0.16147486638822994
4 16 0.6791327410105834
16 7 0.6960886119287059
17 3 0.9890798448302105
17 10 0.5466858987195315
3 17 0.3912761969348333
18 10 0.763739417581655
9 18 0.4926599298482275
18 12 0.5235233187270621
1 19 0.05544248599589119
12 19 0.11104720035828075
4 19 0.00648071282647833
20 2 0.5791338550055721
20 3 0.6050975395981207
4 20 0.8028752105808752
21 12 0.87762266983679
21 12 0.7424319001807224
21 3 0.466448589169288
10 22 0.9776238321852762
22 3 0.6492729691852057
22 4 0.06998026384551603
20 23 0.859709219231119
7 23 0.39777110034558794
23 3 0.35897411825334236
21 24 0.6429599741279263
19 24 0.4730725679462128
24 4 0.3842742714799897
1 25 0.7773206973333905
25 20 0.6513781827044459
12 25 0.5407115741705093
26 12 0.6957632741052893
26 1 0.655526335674995
26 2 0.5675445953347531
27 17 0.40798003255141724
27 16 0.4271032803001925
26 27 0.5004108801653572
28 15 0.9077763363602042
4 28 0.19937412664659993
28 4 0.3835360832949124
29 12 0.097313188687008
29 7 0.708060277951798
29 10 0.20370206643566868
3 30 0.08846552575110134
5 30 0.3605928723400996
2 30 0.844715485894691
30 31 0.3338397149796991
31 17 0.632493258388907
31 7 0.09846084919103526
3 32 0.7941593168255555
32 26 0.2733132100324962
21 32 0.026863386067394912
33 21 0.3869341376814369
33 12 0.5217842957594425
33 4 0.7161984202145445
34 17 0.24971440403456957
10 34 0.26031796486406267
34 9 0.1514461940649795
19 35 0.4462137779482067
15 35 0.857526501877237
23 35 0.9501083593297356
36 27 0.7011800919316691
36 16 0.383624744322728
8 36 0.1387871837823893
17 37 0.502830661831643
12 37 0.762638043124988
25 37 0.6484066710326623
4 38 0.9088322110128445
3 38 0.13321975158675603
2 38 0.8858715230067346
24 39 0.038312370237225224
28 39 0.29747188177133566
39 3 0.8513543321761791
7 40 0.9750244061475677
40 28 0.22194463842456513
3 40 0.5454982672649329
36 41 0.7296863147352416
41 21 0.7033849418269801
9 41 0.6397848058441933
42 34 0.49969970818211074
10 42 0.5372517320557844
42 11 0.8415815876933094
43 3 0.09649951730098183
43 4 0.04659031128534108
9 43 0.9258406443290975
4 44 0.7973012543796545
44 13 0.16156162774085525
4 44 0.9535492480629414
23 45 0.6947936803855288
12 45 0.4485306851854459
45 3 0.8337468002991415
