1 2 0.5100982949533936
3 1 0.8892196765781033
3 2 0.6662748141278676
1 4 0.9849956272940361
2 4 0.6951561600823563
4 3 0.2344091404143921
5 1 0.45064472375903564
1 5 0.9820104232665627
4 5 0.21341848900489302
5 6 0.5843964705151136
6 1 0.7048009486639731
6 1 0.28658208273240937
1 7 0.8139896572811907
1 7 0.014329258421110658
7 5 0.4256845779838464
8 2 0.8623458463671129
4 8 0.4120939675158013
8 1 0.5862260344214658
9 1 0.8106318538419501
4 9 0.9012688205053416
1 9 0.5405756932876838
10 8 0.04857497157697466
10 5 0.8935856135067277
10 1 0.9878258728497437
1 11 0.6826224454528715
11 3 0.09554868804452854
5 11 0.31595629243533085
12 9 0.36095595718038387
4 12 0.7119549291742544
12 1 0.0421880425055029
13 3 0.8164752308828905
13 3 0.936656811641403
4 13 0.2389076478689749
8 14 0.29027552838604476
13 14 0.7861994057731055
14 1 0.5493931348328275
15 2 0.31040347427712833
15 4 0.2827805105856126
15 6 0.08646193197755514
16 7 0.3125734824673936
16 1 0.4069900442028128
16 12 0.9727995548126358
1 17 0.5236378845828326
17 15 0.9072902060316167
1 17 0.731686012064084
12 18 0.9121357197742291
18 15 0.533444370714293
18 8 0.9424339295494136
19 10 0.3788032731661908
6 19 0.9296540460384457
19 11 0.6216080798340794
8 20 0.6881083455737277
16 20 0.1381393031391468
1 20 0.41897817907527946
1 21 0.7732462980681174
21 15 0.6434662782541269
6 21 0.8919345335292487
22 19 0.0892995699544532
22 10 0.872823832119618
1 22 0.5800521938889928
1 23 0.9877753942281534
1 23 0.34626821335725555
23 9 0.6493943898705443
24 4 0.7066009382760772
2 24 0.62528853555242
19 24 0.016330902631762956
1 25 0.1007359133061726
25 15 0.5473627882088183
15 25 0.3856526661678764
9 26 0.3503897700068048
19 26 0.45503671156092595
7 26 0.5398117770221318
1 27 0.537181852836383
27 19 0.0015375937207707802
6 27 0.18620054550960707
28 19 0.302282390515478
23 28 0.3295735397304451
28 4 0.3231082038444283
13 29 0.36056403035194495
29 1 0.9424223880658074
29 4 0.2247528584286772
30 9 0.30318437939141774
30 5 0.27352415495601456
30 6 0.8476398919260864
10 31 0.4295627397070306
31 1 0.0854545927188699
5 31 0.24064239356726325
32 1 0.4664026137433678
6 32 0.4716711495618807
32 29 0.35123031185647946
33 5 0.5704260939620165
20 33 0.4296231609273107
33 26 0.927767331521851
1 34 0.6032307784960292
34 15 0.5369128465269984
34 1 0.21365499678262412
35 7 0.45012192029356746
8 35 0.7291899260295418
31 35 0.34543559687166436
1 36 0.4699274102897868
36 13 0.6315859577614387
1 36 0.9905506021107765
37 16 0.5975494246199448
28 37 0.21259888534247484
30 37 0.5694778839273585
3 38 0.6329692925955357
38 16 0.3491308123126746
38 25 0.5840886078156579
39 1 0.8854554238440333
4 39 0.6501295281282901
39 4 0.9810384039366324
40 6 0.6029156755873338
3 40 0.8481740949230947
40 26 0.34035171583536017
41 6 0.2305324384239431
41 1 0.26431501134113244
41 1 0.8828228723446635
19 42 0.9379944954283034
42 8 0.057008456999597446
4 42 0.9179306450404993
4 43 0.9119449820363724
43 8 0.5503440274099185
43 3 0.8664597632193269
15 44 0.47385738082523354
44 38 0.5092004638441323
44 6 0.7195836658344847
39 45 0.4950488094623299
45 1 0.9965319363352679
45 25 0.6660164570742879
44 46 0.24378427696259697
38 46 0.4626467131333847
11 46 0.5104371174140735
47 14 0.4332543023410155
47 1 0.6892783094976034
36 47 0.12963366805376952
16 48 0.6748301039896691
36 48 0.057815528717463094
13 48 0.07777062632495035
31 49 0.28882100279139267
35 49 0.41259675487880687
49 22 0.9125412873586076
1 50 0.1827435093373736
50 28 0.3029285723612053
50 16 0.5304156799434037
4 51 0.5773328749044924
11 51 0.9681391595091264
51 24 0.715994504136177
51 52 0.8810434351994396
52 19 0.4894446542435196
52 4 0.9983100276414705
53 18 0.05380830277688475
49 53 0.08256313817743455
53 42 0.6637443983167329
44 54 0.1435226990774544
25 54 0.6964718095287971
14 54 0.5626778926179454
41 55 0.20818803784388973
55 4 0.49503032208763076
55 6 0.575365915051941
56 1 0.7846838856563292
8 56 0.6013280994253669
56 18 0.20353103422709684
35 57 0.6132753765343367
19 57 0.336701880056396
57 14 0.2398974416402151
58 12 0.9788083682237482
58 46 0.8679809436306913
53 58 0.09525850974564554
59 15 0.706811483544188
59 11 0.35055267504558907
59 8 0.6464454972817552
60 26 0.918313208876708
4 60 0.27743057459048215
60 13 0.49898542068690066
