2 1 0.6401333815841024
1 3 0.7665221160684507
2 3 0.7618295555681237
1 4 0.7088328456311125
4 2 0.812246050765064
4 3 0.6837873938739218
5 2 0.3485806779579451
2 5 0.15796999745376084
3 5 0.7841376010416102
3 6 0.4067314155493955
3 6 0.19151547271239933
6 3 0.43728440156513915
4 7 0.4926041932794173
2 7 0.8349719051080926
7 6 0.29595600104787634
3 8 0.9060483387848244
3 8 0.8795016521586271
8 4 0.29167017284226615
9 6 0.6395041409688009
1 9 0.6732956074685754
9 6 0.91057411779787
8 10 0.29732375042203774
8 10 0.5633527146273589
3 10 0.5443876473756991
11 2 0.8507904618768367
2 11 0.9077943229912129
11 8 0.44068600792600476
12 5 0.7492666258308376
12 3 0.13284338708417665
1 12 0.33398762796152337
12 13 0.47191044650060543
4 13 0.7038294109991399
13 8 0.5737975990326348
6 14 0.24223001253588006
4 14 0.265520987238543
14 7 0.0009728706251052044
4 15 0.7304910064882866
15 11 0.13791252811379862
15 11 0.3508141130445833
8 16 0.026292610248761616
3 16 0.08843818065951725
4 16 0.6176395154232778
4 17 0.9371681753397145
17 8 0.3333679972539373
2 17 0.829693323421077
16 18 0.8944691414672387
3 18 0.508753552323289
8 18 0.85412714450016
19 10 0.8196446673748999
19 12 0.7470511038917094
19 13 0.36077666359582905
15 20 0.2678620271916389
13 20 0.5459273783499422
20 13 0.3763459419324968
21 1 0.8549335697849609
21 8 0.9956726395499337
1 21 0.973967092903911
3 22 0.20095734796781195
22 3 0.6356679556486718
4 22 0.7819884687314614
23 2 0.8815331017813652
23 21 0.3791758416155595
23 2 0.2492188147113188
3 24 0.03451688213866588
24 6 0.9656663398936927
9 24 0.8885053197788354
25 7 0.5992552249659208
5 25 0.016068917487030432
25 11 0.04493936717446423
3 26 0.7064163768610785
1 26 0.6268258583451274
26 6 0.0015617017181639437
4 27 0.9341575415724557
27 11 0.8985874559479384
27 12 0.49667479793601943
28 16 0.7750041692060746
28 4 0.9011366412850148
28 14 0.8613364162713436
29 25 0.41978320567520244
8 29 0.3100596724639164
29 2 0.9577519436275039
30 17 0.49515770710680374
8 30 0.5473843020348402
18 30 0.7638737039702508
31 2 0.8866396164196633
17 31 0.7550159934334527
9 31 0.8690010415206905
28 32 0.05337154399341759
2 32 0.10592167308740197
32 31 0.4518631292962758
8 33 0.6470046898757338
33 3 0.8173074492742833
1 33 0.20613813292791128
34 31 0.6820531283074797
26 34 0.7125628887398543
34 13 0.8740304653683587
9 35 0.31858737750185695
2 35 0.21178073872689296
31 35 0.3892233921266196
3 36 0.932019403774838
18 36 0.11100174325354106
36 6 0.43286155325708287
37 31 0.46310700049823317
37 1 0.7117657000962144
37 24 0.7905133455607846
4 38 0.7264115240711799
38 23 0.5191946472758806
10 38 0.9339627032824037
39 9 0.7686296260698532
39 30 0.02898245487979978
16 39 0.9976504338313161
8 40 0.8871555977933273
40 15 0.6465425492081528
18 40 0.8672285148445976
41 6 0.7623005385579464
41 27 0.1723292787164935
41 7 0.20592851302606485
42 33 0.8010269867698754
4 42 0.806722365356024
42 30 0.20986100014313347
43 27 0.8725907914634634
35 43 0.9520664707435633
40 43 0.7138322128838142
6 44 0.3551707910616334
3 44 0.5539084964964806
44 11 0.8659875614478866
2 45 0.342413479629301
45 17 0.8513649930513529
31 45 0.8213592015051485
13 46 0.2545111823913193
46 4 0.17214494802831293
46 10 0.6955670085268929
30 47 0.01575993913314855
2 47 0.5130323229021925
18 47 0.9697850339889781
4 48 0.8294266968577918
48 16 0.42409343042122516
48 9 0.1923713811347494
49 26 0.07040311666925858
8 49 0.32953113784948873
1 49 0.5528462593497047
50 16 0.9097474110079401
50 3 0.8061465415861617
50 10 0.45472967994982927
