1 2 0.721060976797795
1 3 0.0580226035508703
3 2 0.4006941208510001
1 4 0.9094496192913727
2 4 0.8380613242487768
4 3 0.07730245250880974
1 5 0.059653574740947346
2 5 0.33027065853973847
3 5 0.19121027058729712
5 4 0.911309771087468
1 6 0.5512885629549052
4 6 0.26494681698281675
6 1 0.3878710680993148
2 6 0.292924727388467
7 2 0.5797441045733759
7 6 0.13177835292901496
2 7 0.09481561277818318
7 3 0.4697850714901194
3 8 0.6742764685040126
1 8 0.8255065783086066
2 8 0.24919007123943493
2 8 0.5827909271488
2 9 0.08564228677003716
9 1 0.953215078546978
9 5 0.8768661834756051
2 9 0.018107206221323224
8 10 0.08258816449906248
10 6 0.1839211146337869
10 5 0.2062754988646186
2 10 0.8890765985701286
1 11 0.7190218765183775
7 11 0.4071041173758112
11 5 0.9618615836167982
1 11 0.023568637230631517
12 5 0.23515464122969965
3 12 0.6886796432595903
12 3 0.681004271166949
5 12 0.8935160600259666
9 13 0.16587487364448028
13 1 0.8941171838240992
13 2 0.5674572287441771
13 2 0.8286894804579253
14 3 0.010455520337913748
14 2 0.14921669713231867
14 2 0.5807672486012683
14 4 0.2580327727167492
15 12 0.8158808810836415
15 6 0.17080658354788036
15 10 0.2981955446154063
15 9 0.0895386043140054
16 6 0.8352295867196844
16 3 0.044551541709689224
16 11 0.6106172362843361
9 16 0.16849397622947804
17 2 0.8057827174783736
15 17 0.16880450150218063
15 17 0.11350313811743429
17 9 0.41586049832112537
8 18 0.13963061618148165
18 6 0.9035334737950614
5 18 0.7289507077652375
8 18 0.3130161109382553
19 3 0.6864676786267386
2 19 0.4965744256973792
2 19 0.5720503977502246
4 19 0.5819460640611757
20 12 0.6646177546883063
9 20 0.29727931868664614
20 2 0.4550137523986726
4 20 0.12880954791250587
1 21 0.5130827799877983
2 21 0.7040556350046054
2 21 0.12469465226190113
1 21 0.8096768817230647
22 6 0.4085468746316514
22 8 0.6325318674668818
22 12 0.8333080766996722
22 3 0.8974982455936515
11 23 0.37539783923724923
23 12 0.5424056587689184
23 13 0.9315721292943961
3 23 0.12341194515800269
20 24 0.9700142313598631
2 24 0.47817116956230143
6 24 0.39013844971420286
24 2 0.40477057384461
25 14 0.7239982251709428
11 25 0.429877661251582
9 25 0.9723442911663929
2 25 0.9634514666303111
26 3 0.9020868377189836
2 26 0.7755815095335725
18 26 0.8584630554745043
2 26 0.35543022800599144
11 27 0.8479240145546378
27 11 0.3145219972280635
3 27 0.10808554232549672
27 19 0.6774604405263633
9 28 0.7562785536815043
28 14 0.04820353890273266
28 2 0.9280150159489101
28 10 0.5654048395291869
29 22 0.7156527392638863
29 18 0.988245987460312
29 2 0.6918390197291011
29 3 0.8497809430448512
12 30 0.4145298530608287
30 2 0.9120735387460827
30 3 0.6521156224636644
1 30 0.005965255479140619
25 31 0.1843355805656277
26 31 0.39414783884675153
2 31 0.8464495261305135
31 5 0.012026655055865643
32 3 0.6784582535534298
11 32 0.8319099649557573
22 32 0.4266413685512762
3 32 0.8469869506112071
14 33 0.8279340824445486
33 5 0.6562545047476602
5 33 0.7845018407800339
33 5 0.4420816793399097
10 34 0.6246567900737459
14 34 0.3065982092467494
34 10 0.5849636503910285
34 2 0.2638028299891563
30 35 0.16470069319867575
3 35 0.35129063806983185
35 10 0.7359796593070806
3 35 0.003402822738450939
36 12 0.9987097916413292
14 36 0.7503945622695724
26 36 0.5006781218522087
8 36 0.06480040070973592
37 17 0.9503702954822745
5 37 0.5098317930104507
2 37 0.48020893773510587
37 3 0.670404069341692
38 5 0.009263639086953601
38 31 0.12966741908459467
19 38 0.16257534439408228
22 38 0.23497853372371735
39 7 0.8046255117629675
22 39 0.055635635906006065
1 39 0.9079369789808142
12 39 0.8598023334447823
24 40 0.1265638652296932
40 33 0.22387318003638468
40 32 0.9728907558075752
2 40 0.05105333358747177
41 6 0.0607007640050935
12 41 0.31285454412267966
41 24 0.3580884044680266
41 31 0.3374807000320025
39 42 0.1669652580329244
14 42 0.5103714415556638
42 7 0.9798929445408473
24 42 0.18534992168747755
43 20 0.23814417364686336
2 43 0.6883356101871652
43 40 0.17580075323899658
2 43 0.785986701222967
1 44 0.951987127189381
44 20 0.9282967109437532
20 44 0.7619077867776055
44 12 0.14030746568568764
45 8 0.4514588772318392
2 45 0.3865824167673214
45 41 0.7771976367107581
45 36 0.08866568931045138
45 46 0.5697557099178076
46 33 0.8365197577029629
33 46 0.9088342044072177
46 4 0.7308581156260782
14 47 0.35429003528470393
47 30 0.5160418431636196
47 5 0.2058455888637648
47 32 0.5931203251034846
48 8 0.49393254691861377
24 48 0.24778762614819771
32 48 0.14280161620240828
48 3 0.7694013086113387
7 49 0.20483551216929619
48 49 0.053223604826846405
49 35 0.1997497261194231
41 49 0.7352180180397788
50 40 0.19820951904536166
19 50 0.1975051276577655
22 50 0.4788168863771327
2 50 0.5866703672806333
51 10 0.9303871415633733
51 2 0.5728221436742453
51 27 0.9414442270012422
51 2 0.13644332275317828
52 11 0.3369573554972577
18 52 0.9401347584683987
52 6 0.812797530995929
52 2 0.3536653933852242
53 25 0.18201191940415395
2 53 0.3995631298968543
29 53 0.6583106634252013
4 53 0.49012073707115345
54 14 0.36916279152319864
54 2 0.15724467432505573
39 54 0.25417665290502545
54 53 0.067784468440939
3 55 0.4423713767648898
55 2 0.6543086101536211
30 55 0.5083399132816461
55 18 0.022933446891966747
56 7 0.33959106658265503
56 12 0.33258500268374946
56 11 0.36331389863150043
56 34 0.6185988303374257
57 29 0.5783513757251977
57 5 0.9660177047806449
27 57 0.9928592665711452
57 5 0.5664763758880572
58 6 0.17421232061409064
58 13 0.5701826094792469
2 58 0.6128039429543064
12 58 0.9459806739742672
59 50 0.13018987865623288
59 11 0.16385440300879095
29 59 0.24871973771354716
59 13 0.055123021353779666
20 60 0.08388818679430299
51 60 0.0022451612263144627
60 2 0.20482227235399564
60 15 0.1922173849656188
61 3 0.2419392738514352
61 2 0.43842423958502086
2 61 0.6691319568501788
61 11 0.12585404758959284
62 18 0.7488498010758906
62 1 0.6123031988957464
31 62 0.46301582916802697
62 33 0.067421754596386
34 63 0.046652666468834036
63 34 0.7770579521438562
63 22 0.8434524934296113
27 63 0.40079201982243395
64 24 0.4967562855395866
27 64 0.1427005679461466
29 64 0.4068671927765598
64 5 0.7281660933317438
24 65 0.06595165100337663
22 65 0.08729104452631575
65 38 0.05143009778041063
65 27 0.9700996728729934
66 34 0.9796284767526737
66 8 0.7471477007262876
66 18 0.47147157226548
66 6 0.6857048991706461
67 20 0.11144412145247917
67 2 0.36508033680441343
9 67 0.3887224719670491
67 17 0.040490458678712704
68 65 0.380699806717244
68 48 0.0018495255812340794
2 68 0.8545607341561002
68 29 0.9637752462914597
69 15 0.4855379770003052
61 69 0.25864982397022895
69 25 0.9497211698331067
57 69 0.25169167433324124
70 1 0.8593105632832694
6 70 0.49244581691957945
19 70 0.0433540951525514
3 70 0.9519301535150785
31 71 0.7920657050233565
3 71 0.5702272730465598
7 71 0.6040244694816297
71 1 0.28129838228914383
51 72 0.18784556112335382
72 10 0.09874036910170136
72 2 0.5164988816055529
2 72 0.7267306976818899
73 23 0.4806144055897561
73 52 0.5439630604849575
73 30 0.5632759199151223
20 73 0.26161604585963727
1 74 0.01886662021596497
74 11 0.852047093211138
29 74 0.48001967212983343
53 74 0.41836174070892096
12 75 0.26097041065416915
75 70 0.5621380282351963
75 15 0.6522417511310089
75 26 0.1914341390187917
27 76 0.06066277126634223
22 76 0.3719290488990533
76 8 0.7934531700193577
24 76 0.047967653863149384
77 46 0.8673386201683428
77 2 0.24292599739066512
77 45 0.6210354550576451
77 6 0.5401631025958397
49 78 0.2942348004846045
5 78 0.582227176243392
78 2 0.009660852452782254
19 78 0.0513093903721461
1 79 0.45849486876347556
79 48 0.7638190209153897
79 7 0.1539787411467497
79 1 0.6204493585851666
80 11 0.5163849536388416
2 80 0.9139384060300328
36 80 0.18705371889165423
80 14 0.46472806939727473
81 24 0.4016356516476376
81 14 0.5168338607309776
47 81 0.375691520000067
81 66 0.500800313669036
82 1 0.8839697654500714
66 82 0.4891740625789409
82 5 0.5149072715482162
82 31 0.6076231354274982
83 2 0.5942914925675058
8 83 0.05760217090479458
83 30 0.4096833640864822
83 34 0.7883952059621585
84 31 0.4463894732680619
44 84 0.35004359567472254
13 84 0.20168683123747688
84 6 0.24610697988629915
85 79 0.9537907261634354
85 9 0.2145123162578021
85 62 0.7609357066850834
85 12 0.5686353849888353
31 86 0.39976509658990744
86 18 0.4269330920150476
86 45 0.9363855714664466
48 86 0.5259324067819402
87 49 0.22558921847137292
87 81 0.6804082056715735
68 87 0.6352558731554341
87 2 0.09723431387836279
88 85 0.26901945624475787
83 88 0.8688335926946185
88 3 0.8038462436963126
88 13 0.11684548938758088
35 89 0.04870487914196353
15 89 0.1698733493732112
63 89 0.5617180409320526
89 12 0.44727828917829493
90 30 0.21986012087571816
40 90 0.03849299525082439
33 90 0.07276084496132407
90 2 0.9983399710918133
