2 1 0.2817103143164631
1 3 0.821048311078437
3 2 0.2970002605156715
4 1 0.3952517603217627
4 2 0.34871157031550104
4 3 0.5447376202352018
1 5 0.6672916424466104
2 5 0.302774035528383
3 5 0.4223827317798283
4 5 0.9730226017732798
2 6 0.9847834155619138
3 6 0.3848469036081653
6 5 0.30773738207526746
2 6 0.26985016511048165
7 3 0.17346417794887947
7 1 0.5942708764291244
4 7 0.441089018214761
4 7 0.4575520368219288
8 4 0.6939392158336439
6 8 0.08545137148761028
8 1 0.09031564494566768
1 8 0.7545426744492348
9 2 0.554441627338919
9 8 0.5589451289742164
1 9 0.8252001212998331
9 1 0.9542569000656531
10 1 0.9798798654092321
3 10 0.9268885249650686
5 10 0.5961109231968771
2 10 0.3309770359038692
11 5 0.804131196226031
9 11 0.8625304615471701
11 6 0.5428009416282183
2 11 0.24611397512439048
12 4 0.3909261364348625
12 6 0.5881833449673403
12 5 0.12329476721834398
7 12 0.31706452528155726
13 8 0.6761561375751348
4 13 0.009841453522093424
6 13 0.3736853544879667
2 13 0.921090503940011
4 14 0.009603679268558318
14 5 0.2668525568155392
14 1 0.4575674716214063
2 14 0.0869554706298662
2 15 0.10292236224634899
4 15 0.4374147251505759
15 3 0.05280945336951215
8 15 0.9960271639362389
16 15 0.11824788270240238
5 16 0.15210056814520712
8 16 0.21202263727412185
15 16 0.4612308584769732
2 17 0.26382428902588706
17 8 0.9082798210162993
17 10 0.26203691412923713
2 17 0.23573399042763
2 18 0.13399954092153332
3 18 0.7879335115397202
8 18 0.5680079005626738
15 18 0.6865664168750687
19 14 0.721310057828437
4 19 0.2545616601135243
19 8 0.0015889436215793529
19 1 0.6274043857337273
2 20 0.5989909329519836
2 20 0.3855665594252111
13 20 0.3044575703984831
3 20 0.37476253670855153
21 2 0.06583249987105133
2 21 0.19084083590090573
4 21 0.6537236061870252
8 21 0.1457205613032011
22 4 0.524623166972374
22 16 0.6674434001315429
2 22 0.8011614762770561
17 22 0.7446465856147358
23 17 0.8072920278374336
23 3 0.6803429565585084
23 15 0.4678818803689857
23 12 0.4084446899138844
3 24 0.14847554779142857
11 24 0.0930882455975256
24 17 0.02653396241006034
24 5 0.526992508841062
25 18 0.45363259584231885
6 25 0.6227852089931106
19 25 0.10148278356065388
25 5 0.47114159174175263
26 20 0.2721656965080286
2 26 0.38085710989339194
5 26 0.3795907159538502
23 26 0.7359691437094698
9 27 0.4713102309003947
27 6 0.786410909318668
3 27 0.8051395070666562
12 27 0.427214830286354
26 28 0.8594592048975949
20 28 0.37957944636662266
28 8 0.5814066989409573
28 2 0.7542315652732061
4 29 0.5639298975654927
29 24 0.36667273450224835
2 29 0.7513117495016609
29 15 0.9786558370386298
3 30 0.6781649953239862
30 15 0.709710860947666
30 8 0.7067677526767021
30 5 0.9025256133784205
31 2 0.9687743249656248
12 31 0.4872464079569572
31 6 0.676699251834974
6 31 0.21621893799793568
32 25 0.376976690447266
4 32 0.9943671988243179
21 32 0.6012728101021738
14 32 0.38603946573343917
8 33 0.21851770773423163
33 18 0.8160341722877396
33 22 0.7178975840683645
28 33 0.5769752691342013
34 12 0.2589229440538068
2 34 0.8336021931102177
34 27 0.19950412670586004
5 34 0.06656111888383154
35 9 0.12662493993241186
35 34 0.929526332051239
35 8 0.7345784944563644
35 13 0.7005651199176878
36 30 0.1892331194154515
36 15 0.3525080515911311
15 36 0.38842212682677313
6 36 0.20719498431285877
19 37 0.26198123157925146
37 9 0.5106673335147405
37 3 0.9992185734653884
35 37 0.08329055792763185
38 24 0.9580504105285998
8 38 0.6692509316192566
2 38 0.3651378469615578
38 2 0.25279813407772056
39 15 0.4815596419537632
39 15 0.3710334921136137
6 39 0.6081255037843432
2 39 0.9188136405360127
7 40 0.33842743864265423
33 40 0.5916526007702523
40 6 0.8077938391186008
40 13 0.33900208796836395
41 40 0.11130040949158582
41 8 0.9349253022683361
2 41 0.8735146889495269
22 41 0.1205078694242322
42 19 0.5433872459967738
38 42 0.2311257390122955
42 15 0.12305738120586085
42 5 0.01521196933463087
43 9 0.4725319276101466
41 43 0.7396734565351747
43 12 0.7054309325013427
31 43 0.5034561719400595
26 44 0.048613816322118475
44 15 0.33473003370744225
44 2 0.31920426114302003
10 44 0.5089677195189548
38 45 0.9676151702364771
45 7 0.1738998434556991
45 26 0.18337299178641808
25 45 0.647911663759787
1 46 0.9369529594478506
11 46 0.851485646197782
2 46 0.9654601235997259
36 46 0.10821450678997502
12 47 0.880673579749355
15 47 0.3865089670433004
47 10 0.4631452978573961
47 4 0.2891345216403992
48 6 0.09317575581181703
46 48 0.23261429164401048
38 48 0.08723393730676887
48 4 0.7487143809220247
49 21 0.20526243330911897
22 49 0.5886003763971909
2 49 0.3694235771527975
3 49 0.07017421280172242
12 50 0.9746768781521669
12 50 0.631855895569079
50 3 0.20828752312449494
50 2 0.34002869340553443
19 51 0.09834765207131968
34 51 0.3968832064207052
3 51 0.7142379546985341
51 5 0.4772066549071652
52 24 0.7307259335709925
9 52 0.6023342513932949
49 52 0.22798947058532204
52 12 0.4142091002394548
43 53 0.2185849884736628
21 53 0.06985061291264782
53 2 0.1631319704090749
53 48 0.3776202870443949
10 54 0.34844464956192633
3 54 0.4715381812313443
54 33 0.878811445130733
54 12 0.4326016985906401
4 55 0.6008831035086006
27 55 0.49613007033524936
55 15 0.9029232778119366
6 55 0.34761889041072414
56 2 0.35844808036025544
56 55 0.5485715910966773
12 56 0.6333529453742082
14 56 0.7924522095147812
6 57 0.7832955806800077
21 57 0.7850082337238736
3 57 0.1537192050286197
57 14 0.5990066821056101
1 58 0.6300164685243121
4 58 0.7613489228878509
58 29 0.16201367659714072
58 41 0.28385063764739493
56 59 0.07767035562310398
31 59 0.3927176628813319
6 59 0.4492627646656516
59 21 0.9513911638566479
59 60 0.4639333491006655
60 41 0.07233945698351396
60 45 0.8676492857412738
2 60 0.6197736560108298
