2 1 0.2817103143164631
1 3 0.821048311078437
3 2 0.2970002605156715
4 1 0.3952517603217627
4 2 0.34871157031550104
4 3 0.5447376202352018
1 5 0.6672916424466104
2 5 0.302774035528383
3 5 0.4223827317798283
4 5 0.9730226017732798
2 6 0.9847834155619138
3 6 0.3848469036081653
6 5 0.30773738207526746
2 6 0.26985016511048165
7 3 0.17346417794887947
7 1 0.5942708764291244
4 7 0.441089018214761
4 7 0.4575520368219288
8 4 0.6939392158336439
6 8 0.08545137148761028
8 1 0.09031564494566768
1 8 0.7545426744492348
9 2 0.554441627338919
9 8 0.5589451289742164
1 9 0.8252001212998331
9 1 0.9542569000656531
10 1 0.9798798654092321
3 10 0.9268885249650686
5 10 0.5961109231968771
2 10 0.3309770359038692
11 5 0.804131196226031
9 11 0.8625304615471701
11 6 0.5428009416282183
2 11 0.24611397512439048
12 4 0.3909261364348625
12 6 0.5881833449673403
12 5 0.12329476721834398
7 12 0.31706452528155726
13 8 0.6761561375751348
4 13 0.009841453522093424
6 13 0.3736853544879667
2 13 0.921090503940011
4 14 0.009603679268558318
14 5 0.2668525568155392
14 1 0.4575674716214063
2 14 0.0869554706298662
2 15 0.10292236224634899
4 15 0.4374147251505759
15 3 0.05280945336951215
8 15 0.9960271639362389
16 15 0.11824788270240238
5 16 0.15210056814520712
8 16 0.21202263727412185
15 16 0.4612308584769732
2 17 0.26382428902588706
17 8 0.9082798210162993
17 10 0.26203691412923713
2 17 0.23573399042763
2 18 0.13399954092153332
3 18 0.7879335115397202
8 18 0.5680079005626738
15 18 0.6865664168750687
19 14 0.721310057828437
4 19 0.2545616601135243
19 8 0.0015889436215793529
19 1 0.6274043857337273
2 20 0.5989909329519836
2 20 0.3855665594252111
13 20 0.3044575703984831
3 20 0.37476253670855153
21 2 0.06583249987105133
2 21 0.19084083590090573
4 21 0.6537236061870252
8 21 0.1457205613032011
22 4 0.524623166972374
22 16 0.6674434001315429
2 22 0.8011614762770561
17 22 0.7446465856147358
23 17 0.8072920278374336
23 3 0.6803429565585084
23 15 0.4678818803689857
23 12 0.4084446899138844
3 24 0.14847554779142857
11 24 0.0930882455975256
24 17 0.02653396241006034
24 5 0.526992508841062
25 18 0.45363259584231885
6 25 0.6227852089931106
19 25 0.10148278356065388
25 5 0.47114159174175263
26 20 0.2721656965080286
2 26 0.38085710989339194
5 26 0.3795907159538502
23 26 0.7359691437094698
9 27 0.4713102309003947
27 6 0.786410909318668
3 27 0.8051395070666562
12 27 0.427214830286354
26 28 0.8594592048975949
20 28 0.37957944636662266
28 8 0.5814066989409573
28 2 0.7542315652732061
4 29 0.5639298975654927
29 24 0.36667273450224835
2 29 0.7513117495016609
29 15 0.9786558370386298
3 30 0.6781649953239862
30 15 0.709710860947666
30 8 0.7067677526767021
30 5 0.9025256133784205
31 2 0.9687743249656248
12 31 0.4872464079569572
31 6 0.676699251834974
6 31 0.21621893799793568
32 25 0.376976690447266
4 32 0.9943671988243179
21 32 0.6012728101021738
14 32 0.38603946573343917
8 33 0.21851770773423163
33 18 0.8160341722877396
33 22 0.7178975840683645
28 33 0.5769752691342013
34 12 0.2589229440538068
2 34 0.8336021931102177
34 27 0.19950412670586004
5 34 0.06656111888383154
35 9 0.12662493993241186
35 34 0.929526332051239
35 8 0.7345784944563644
35 13 0.7005651199176878
