1 2 0.8013232035499287
3 1 0.08551210094802708
2 3 0.7566487487747485
4 1 0.13083098670601867
4 2 0.4686437289451344
3 4 0.02741044603646381
5 1 4.853341970223468e-05
2 5 0.858281596658804
3 5 0.08878786111309755
4 5 0.1063465716326718
4 6 0.7991346303618636
6 4 0.3236178308754589
6 4 0.5194575297611126
5 6 0.6085731914249596
7 6 0.7676531177030347
6 7 0.21955436642313797
7 6 0.8737162943966645
4 7 0.06652645199739138
7 8 0.11290257087089506
8 7 0.0656900212228031
2 8 0.6606520992696867
8 4 0.9386432046368423
2 9 0.7274608016471181
9 4 0.5090409162257408
4 9 0.5143741268214801
8 9 0.7292440630419166
10 4 0.7443144745684207
2 10 0.20975832779287096
10 5 0.7659155147837683
10 5 0.7442660878125877
11 10 0.05044744325849948
1 11 0.14474766179048526
11 4 0.7916349627173473
5 11 0.7246368815350299
2 12 0.9581383352583437
2 12 0.9756170931720854
12 8 0.8195658230770718
12 2 0.8867602495621516
9 13 0.7762299718933596
13 2 0.3015304449868106
7 13 0.7794181314271064
10 13 0.23007821621319646
13 14 0.43619738184387724
14 4 0.03246902064217638
10 14 0.8722656880182634
2 14 0.37755547385531607
7 15 0.7348309316887146
15 4 0.8910338941748258
5 15 0.2606624516989595
15 9 0.012221117988501673
2 16 0.6789378964400679
7 16 0.08279938927122632
9 16 0.7839641150842594
10 16 0.6660933623955705
17 3 0.7505695658029757
4 17 0.9609653154989474
17 10 0.385273034830255
17 4 0.8752025764393494
18 15 0.32085154365543955
18 4 0.618745175501449
18 6 0.8407654989207239
18 2 0.23929997943404535
19 10 0.10235023684141875
15 19 0.8959280107609233
19 7 0.015237077255175868
6 19 0.9625935243610207
20 5 0.6461326992431266
4 20 0.368464531917466
5 20 0.0492915900592652
20 13 0.4312812850062614
7 21 0.1835110364410245
2 21 0.9683970241433255
21 7 0.22025037717063
6 21 0.6016806122335189
22 5 0.22992732940105343
5 22 0.657172560152124
22 5 0.9106669893471315
6 22 0.9260524960271028
7 23 0.36036416576598396
23 6 0.3006382364099731
13 23 0.0464467757200725
23 7 0.3609611211876511
24 10 0.86687752669697
11 24 0.4861927323351559
2 24 0.7807532097788402
7 24 0.7221639742357744
25 13 0.131722440717421
22 25 0.2659033011088813
25 13 0.8201399853787827
25 7 0.08787861669484898
26 4 0.29126530826795916
26 25 0.7785807215948779
5 26 0.09447199019114638
26 4 0.0853738258224942
27 7 0.33854692741586667
12 27 0.46206307256371815
27 2 0.25652580936998637
27 14 0.49091100459443426
10 28 0.060472072559244805
28 4 0.6659855252696262
28 1 0.7097955223128241
1 28 0.792022227573708
29 6 0.44521325377126153
8 29 0.09006916560622635
29 19 0.8956772592649854
29 5 0.6139627568575359
30 27 0.3878190259148654
30 2 0.6603861098184529
2 30 0.6138863099194894
30 11 0.9292811455755525
13 31 0.1426529806158049
7 31 0.8714424500292015
31 1 0.9067962025461354
7 31 0.5568302220561616
32 19 0.3060849492686173
7 32 0.6738051819277148
32 10 0.6061010681477276
20 32 0.17861073156089746
33 26 0.7207323152412075
17 33 0.6242573640114218
29 33 0.13042278068182
12 33 0.7444117664561593
34 10 0.4049788718299734
1 34 0.6623735571205003
2 34 0.8050564686345297
16 34 0.2566956572840553
35 7 0.3081014850751346
35 28 0.7624668384401814
28 35 0.38007840044680286
4 35 0.916205029101924
36 12 0.7581407113379205
4 36 0.8743173552711673
19 36 0.7097474491108979
4 36 0.941713656939139
37 11 0.15916327097026206
7 37 0.5044953022301937
37 24 0.7174272945205932
37 16 0.18200714075736224
38 2 0.7360338093076739
38 6 0.4666826795934609
4 38 0.12332027064528961
38 6 0.30880226446142
11 39 0.40912034794787266
39 28 0.3829996326592372
39 28 0.6533737493183722
39 5 0.3863208560454834
2 40 0.5178457100684142
40 4 0.9287044795218301
40 2 0.30108429621230914
40 7 0.8117002770648861
23 41 0.1531311965966543
1 41 0.5200426713418247
13 41 0.32353326893107326
2 41 0.5120849718600603
42 12 0.8694519195597701
42 1 0.22156592769489014
10 42 0.8683899012533887
42 25 0.41642600545134356
43 33 0.7137857844336029
31 43 0.5258558557511196
40 43 0.876997450017017
43 13 0.17629094206142637
44 24 0.7661750785517202
44 15 0.9603335908635654
44 19 0.9457418545847146
44 9 0.955820239322288
45 44 0.6446808405535408
45 23 0.4262171045844223
18 45 0.08345407984955633
45 6 0.7965606285676337
46 13 0.6115696115226825
46 1 0.6118527376469619
46 2 0.1407163487096047
28 46 0.7955053268276424
25 47 0.028040940087093458
47 7 0.40586104352463603
47 41 0.8671303062013868
31 47 0.7274276633692089
44 48 0.12855612884716117
48 19 0.9183172144201824
48 4 0.8602059534351041
48 9 0.02195799580081692
49 39 0.8162180746121642
49 16 0.2534913569732741
49 13 0.39797579413540163
49 20 0.5558943220339593
25 50 0.9558318557589991
50 10 0.841624253121151
19 50 0.3670597151700383
50 7 0.821653725612255
51 9 0.9960997529297879
51 7 0.6528230981628915
7 51 0.6684806119209878
6 51 0.04163852683887481
25 52 0.7193781930093892
2 52 0.7733471303158274
52 7 0.8431577009231808
52 5 0.8740660326070437
13 53 0.5778574858666824
53 19 0.8797953725722278
53 14 0.862209174512904
52 53 0.47924763553287253
5 54 0.6575731223277338
54 4 0.33999740910452925
54 34 0.21217001624663168
7 54 0.4520618885948978
55 10 0.9166620257101629
10 55 0.3723135448342515
55 12 0.6496597190493721
19 55 0.2540231598591177
