1 2 0.2247053208101456
1 3 0.4740010663431766
2 3 0.7428084515587566
1 4 0.49686945106019653
4 2 0.3139323723678429
3 4 0.4352425798041313
1 5 0.7228519115578315
2 5 0.6179146199892226
3 5 0.5153248832613738
5 4 0.5701648792933479
6 2 0.056531334570490754
1 6 0.8565664699720017
6 4 0.2132821438371868
4 6 0.11001402661679138
1 7 0.13621546481106694
3 7 0.29372630049507453
7 3 0.0971495896644422
7 6 0.49670813826760263
6 8 0.5182601126088664
8 1 0.4123498063338308
5 8 0.20041670322007488
1 8 0.4803203430731624
1 9 0.4618955078694288
9 6 0.9976772645054545
9 5 0.44860351920192865
5 9 0.013934611208470837
10 4 0.5901696395552097
10 9 0.8951703914912352
1 10 0.9940886844465403
10 2 0.47342394984720104
1 11 0.11517366151672215
11 7 0.5598611675046383
11 10 0.8286783998981778
1 11 0.8959948154692048
1 12 0.12057241513850436
12 1 0.3395970742723674
12 11 0.37373006214949467
12 3 0.9104686116142446
10 13 0.3302077494028184
13 3 0.3521352768738305
1 13 0.4313658438609689
13 3 0.9883180914612265
1 14 0.0756667357716938
11 14 0.3971585578202068
14 10 0.19143315460685628
1 14 0.07077493282295744
15 3 0.9006215431121171
4 15 0.7090021794670861
11 15 0.8953041735463119
1 15 0.8132405106722628
3 16 0.01758488313007922
10 16 0.922376796154602
16 10 0.6436887391171514
10 16 0.2538113200513633
17 14 0.3896859090854664
3 17 0.28437472036554
17 16 0.5636171473913312
17 3 0.40861427604639844
16 18 0.39142793759928085
18 7 0.9465340637553786
18 14 0.5477151063280902
18 2 0.18534449094246164
19 2 0.9238666326891439
19 1 0.04830156557738685
18 19 0.30999450667581174
19 5 0.9460376879030461
15 20 0.5563515392998077
3 20 0.22330548217481416
9 20 0.5098089192995374
1 20 0.777016044292502
21 5 0.021061705091318772
5 21 0.00901164507308494
4 21 0.38551025205032263
21 10 0.7725627830740125
22 10 0.1860829284306985
1 22 0.09249893205880833
22 20 0.6213421771651175
2 22 0.045862688676122976
3 23 0.25598335378776294
5 23 0.008397614463182657
6 23 0.9781052276916181
23 17 0.5535696646218448
24 10 0.7290994938097939
15 24 0.4453612936716519
24 5 0.7370052748865398
4 24 0.8787777271788013
11 25 0.82280831173277
15 25 0.20721814243429415
10 25 0.14336802967575235
7 25 0.572439075820996
