1 2 0.14169682028377095
1 3 0.7925741414574572
3 2 0.23039521311223676
4 1 0.6645190495217406
2 4 0.9777980326599528
3 4 0.9496924078668593
5 1 0.05991531244027393
5 2 0.12871062062847272
5 3 0.3382620627327665
5 4 0.5704061925418977
3 6 0.24735887402902923
5 6 0.887347762403276
6 4 0.5621921580710114
6 5 0.706211476919241
7 1 0.19475595972832271
7 3 0.06880767975529123
5 7 0.11217591906536073
5 7 0.7196226104383961
4 8 0.6020597484918863
8 5 0.6779980663781899
8 5 0.09217667558988785
8 1 0.5320736179074297
7 9 0.14274210623172245
4 9 0.18749509980334533
9 6 0.45792458970430594
8 9 0.8023732808006776
10 2 0.516778086016838
10 5 0.8266931565540573
4 10 0.6873440001068835
8 10 0.1806151528182912
5 11 0.06033436263744474
5 11 0.7644289018324869
5 11 0.021240429580636655
11 3 0.05290373921638958
9 12 0.4973092553505135
5 12 0.26665646717728986
12 8 0.5068529894777204
12 11 0.4314262863142041
11 13 0.6530882990454391
13 10 0.7719419169902644
4 13 0.4065226171704732
13 11 0.014499533391380326
5 14 0.27487488796974113
7 14 0.32399771398540356
14 6 0.6820067387518716
14 2 0.01863572415857928
15 1 0.6261655924432852
15 4 0.9267985765987775
5 15 0.1828537085076688
5 15 0.03542635114039594
11 16 0.9833601239038562
11 16 0.39965268089712425
11 16 0.8864882735329356
11 16 0.6940975151497794
17 7 0.37926960666237797
17 2 0.4011530822970629
17 11 0.4090673093571915
2 17 0.7285356213788887
2 18 0.04017648245103933
18 8 0.07262744534607768
18 6 0.04975846784043225
18 5 0.6957371187814874
19 4 0.1451093205950711
19 4 0.6044858406267192
11 19 0.8823046041788001
19 2 0.6633599486168074
11 20 0.7794565671768386
20 7 0.9931202625483452
4 20 0.875141268707456
20 9 0.2951884786970478
21 4 0.7957006882991887
15 21 0.5266835233651712
17 21 0.6909247562914831
11 21 0.9361457960647658
12 22 0.8829972309324321
4 22 0.7539566022148303
22 4 0.4341900948561801
3 22 0.8923685461913505
10 23 0.5307772729305507
23 20 0.2655233554050215
23 22 0.3681244176356402
17 23 0.25941494336027615
22 24 0.2967006897047264
4 24 0.573864006710401
24 5 0.5506365788336894
12 24 0.5136228786638831
4 25 0.2918595801138958
25 19 0.14233261436013867
6 25 0.27774244174724927
25 10 0.612489953649234
26 22 0.27065627455158847
15 26 0.9013043677311611
16 26 0.7996697127326228
11 26 0.5525529344578093
19 27 0.7582514438488882
10 27 0.8573930060343016
27 2 0.18722354954117149
27 3 0.23464870316796915
14 28 0.29335930795028475
28 11 0.3236413360964364
5 28 0.24547745921215458
28 3 0.9252333807613355
29 11 0.30152086284235435
17 29 0.43910621895128776
29 17 0.3517573378746257
29 12 0.5630115627974869
15 30 0.8538932667787968
30 14 0.9064087984708614
29 30 0.29968725033082433
7 30 0.5413186791835305
18 31 0.9735361317792561
5 31 0.6790401566233112
4 31 0.29915726202121595
31 29 0.5380041986214783
32 22 0.7317478281823547
7 32 0.6515871490915115
17 32 0.36792486794099644
32 9 0.8696179922343151
33 2 0.7910542501921474
33 2 0.6984359733451481
33 31 0.2816370768308212
33 5 0.08432563659869574
34 8 0.16675935725221813
18 34 0.04719811832788956
19 34 0.13632540530205062
12 34 0.7504179669650936
35 5 0.9268462817293668
3 35 0.4969491447716967
35 19 0.2548944765518121
35 7 0.026284634342486846
20 36 0.142859103703198
22 36 0.17306458383910017
36 15 0.3259780271461644
14 36 0.372750329703049
18 37 0.7876528362178254
26 37 0.914102566549925
29 37 0.9873624888639301
37 36 0.9158178897534893
11 38 0.36237939979653133
10 38 0.9117752856562753
38 4 0.716582483236823
38 24 0.8625272115999275
39 13 0.9406101457659752
20 39 0.11903049793648968
19 39 0.5026739757365177
39 4 0.47435406188232443
40 32 0.09714880760422906
40 34 0.7662478402790803
40 29 0.1323598328225558
25 40 0.831596963743916
