1 2 0.8013232035499287
3 1 0.08551210094802708
2 3 0.7566487487747485
4 1 0.13083098670601867
4 2 0.4686437289451344
3 4 0.02741044603646381
5 1 4.853341970223468e-05
2 5 0.858281596658804
3 5 0.08878786111309755
4 5 0.1063465716326718
4 6 0.7991346303618636
6 4 0.3236178308754589
6 4 0.5194575297611126
5 6 0.6085731914249596
7 6 0.7676531177030347
6 7 0.21955436642313797
7 6 0.8737162943966645
4 7 0.06652645199739138
7 8 0.11290257087089506
8 7 0.0656900212228031
2 8 0.6606520992696867
8 4 0.9386432046368423
2 9 0.7274608016471181
9 4 0.5090409162257408
4 9 0.5143741268214801
8 9 0.7292440630419166
10 4 0.7443144745684207
2 10 0.20975832779287096
10 5 0.7659155147837683
10 5 0.7442660878125877
11 10 0.05044744325849948
1 11 0.14474766179048526
11 4 0.7916349627173473
5 11 0.7246368815350299
2 12 0.9581383352583437
2 12 0.9756170931720854
12 8 0.8195658230770718
12 2 0.8867602495621516
9 13 0.7762299718933596
13 2 0.3015304449868106
7 13 0.7794181314271064
10 13 0.23007821621319646
13 14 0.43619738184387724
14 4 0.03246902064217638
10 14 0.8722656880182634
2 14 0.37755547385531607
7 15 0.7348309316887146
15 4 0.8910338941748258
5 15 0.2606624516989595
15 9 0.012221117988501673
2 16 0.6789378964400679
7 16 0.08279938927122632
9 16 0.7839641150842594
10 16 0.6660933623955705
17 3 0.7505695658029757
4 17 0.9609653154989474
17 10 0.385273034830255
17 4 0.8752025764393494
18 15 0.32085154365543955
18 4 0.618745175501449
18 6 0.8407654989207239
18 2 0.23929997943404535
19 10 0.10235023684141875
15 19 0.8959280107609233
19 7 0.015237077255175868
6 19 0.9625935243610207
20 5 0.6461326992431266
4 20 0.368464531917466
5 20 0.0492915900592652
20 13 0.4312812850062614
7 21 0.1835110364410245
2 21 0.9683970241433255
21 7 0.22025037717063
6 21 0.6016806122335189
22 5 0.22992732940105343
5 22 0.657172560152124
22 5 0.9106669893471315
6 22 0.9260524960271028
7 23 0.36036416576598396
23 6 0.3006382364099731
13 23 0.0464467757200725
23 7 0.3609611211876511
24 10 0.86687752669697
11 24 0.4861927323351559
2 24 0.7807532097788402
7 24 0.7221639742357744
25 13 0.131722440717421
22 25 0.2659033011088813
25 13 0.8201399853787827
25 7 0.08787861669484898
