1 2 0.7693007982969364
1 3 0.11878643513462095
3 2 0.4063379790686874
1 4 0.9874994222567767
2 4 0.3971902206891236
3 4 0.5974579789054274
5 1 0.8891495257916124
2 5 0.5246592685920333
3 5 0.8254968085304679
5 4 0.3977517460837118
3 6 0.5917329041061993
6 3 0.46439898544247493
6 1 0.7057349645672764
3 6 0.8615088328613654
3 7 0.10357981252010084
2 7 0.6272977683134348
7 6 0.7186270206463948
6 7 0.849544419767974
2 8 0.7518583564820297
8 5 0.9451047323696818
6 8 0.5941663827146857
8 6 0.9242198220722198
4 9 0.6504929906771222
3 9 0.7849821974581696
3 9 0.14808532964491306
6 9 0.06530546228355849
3 10 0.04996230345344055
10 1 0.07343685156797441
3 10 0.5493119045216533
10 6 0.6231337646923065
2 11 0.4881053126306881
11 3 0.4050030654099248
11 7 0.5486958101459124
1 11 0.5171739023016877
12 10 0.04425314401206082
5 12 0.8018281841461622
7 12 0.0700144556998964
12 2 0.23880849067312848
13 6 0.032126366750540813
5 13 0.5542743286166635
13 6 0.48227069665463673
13 10 0.2141034919846132
14 6 0.8508213124106986
14 5 0.7650673878282169
14 10 0.34599258974460434
6 14 0.09368909247152513
4 15 0.17501995852616237
2 15 0.8399250815530326
15 10 0.7186246882582736
15 3 0.31699550971959267
