1 2 0.7693007982969364
1 3 0.11878643513462095
3 2 0.4063379790686874
1 4 0.9874994222567767
2 4 0.3971902206891236
3 4 0.5974579789054274
5 1 0.8891495257916124
2 5 0.5246592685920333
3 5 0.8254968085304679
5 4 0.3977517460837118
3 6 0.5917329041061993
6 3 0.46439898544247493
6 1 0.7057349645672764
3 6 0.8615088328613654
3 7 0.10357981252010084
2 7 0.6272977683134348
7 6 0.7186270206463948
6 7 0.849544419767974
2 8 0.7518583564820297
8 5 0.9451047323696818
6 8 0.5941663827146857
8 6 0.9242198220722198
4 9 0.6504929906771222
3 9 0.7849821974581696
3 9 0.14808532964491306
6 9 0.06530546228355849
3 10 0.04996230345344055
10 1 0.07343685156797441
3 10 0.5493119045216533
10 6 0.6231337646923065
2 11 0.4881053126306881
11 3 0.4050030654099248
11 7 0.5486958101459124
1 11 0.5171739023016877
12 10 0.04425314401206082
5 12 0.8018281841461622
7 12 0.0700144556998964
12 2 0.23880849067312848
13 6 0.032126366750540813
5 13 0.5542743286166635
13 6 0.48227069665463673
13 10 0.2141034919846132
14 6 0.8508213124106986
14 5 0.7650673878282169
14 10 0.34599258974460434
6 14 0.09368909247152513
4 15 0.17501995852616237
2 15 0.8399250815530326
15 10 0.7186246882582736
15 3 0.31699550971959267
16 4 0.3162690746574347
4 16 0.9580008207827465
10 16 0.8165374805962181
2 16 0.3809895678228403
15 17 0.5384106914862866
6 17 0.06947336711867336
5 17 0.5728147886509919
17 5 0.5902740501599963
3 18 0.9851682208787998
18 4 0.8169727798192721
6 18 0.6340750505639772
4 18 0.6781580926041736
3 19 0.25133208558415854
6 19 0.8612431916327394
18 19 0.9658807856503184
19 3 0.768531963365072
4 20 0.04217825500240746
20 18 0.6603515463966395
4 20 0.8167356833949754
20 18 0.2511578652231584
21 5 0.7415903175884476
10 21 0.03345426266232143
13 21 0.6332744856229473
4 21 0.9623807821847221
1 22 0.8921555894167476
22 9 0.6688112411221162
9 22 0.9569015916289949
22 13 0.211609911361339
18 23 0.6228614736575866
3 23 0.19732386097135757
23 3 0.12499327755125045
23 6 0.12072526530291994
13 24 0.6463298869888624
24 6 0.9821878053215246
7 24 0.010694691489728236
4 24 0.2810160858372802
2 25 0.05154743733504963
9 25 0.51920035129356
18 25 0.5727100590218691
1 25 0.8770089938751199
19 26 0.768989815983581
3 26 0.6789279290809432
5 26 0.305210788246137
26 13 0.7050685651079588
19 27 0.8224713794200219
13 27 0.9314833361360609
6 27 0.4450102868790794
10 27 0.2686748307112077
28 21 0.8985730959104944
8 28 0.9508705334599651
28 16 0.18164873825398953
28 1 0.7497610927599697
12 29 0.3383256412719883
10 29 0.7314725042007838
9 29 0.2872628439324735
18 29 0.951863829461339
30 12 0.6634568216651885
29 30 0.26733163198139265
27 30 0.32200157795910256
4 30 0.046607621740475946
31 12 0.8067841725261122
3 31 0.34855797079214024
31 3 0.9509276417128211
3 31 0.3103397395432488
31 32 0.2881921944660726
32 3 0.743623241611338
10 32 0.07586544531047168
9 32 0.023042167349640597
20 33 0.48331345216882415
4 33 0.5230147118814338
5 33 0.5170698426260819
6 33 0.12294042687076301
34 23 0.7423804366064563
2 34 0.7388665642284603
31 34 0.1565944127770894
34 3 0.05379786972103462
3 35 0.7067724138554681
35 14 0.8136399212654648
35 13 0.24243487564369703
29 35 0.6623304740732557
36 3 0.42970044522734374
36 7 0.10964611741092456
36 8 0.24915107695204264
2 36 0.012483531296660355
27 37 0.5190099176006161
37 16 0.2773418328131495
5 37 0.3780993593620785
23 37 0.7830541845899778
38 32 0.5614857827781599
3 38 0.038780990886577604
38 15 0.8271659574096921
38 2 0.8842633064075226
39 4 0.5637583159146021
39 32 0.42060184640491083
39 8 0.11702818821400818
12 39 0.6311690723022617
40 36 0.3915852934235563
40 39 0.05132361880828118
40 27 0.049797773937219514
40 10 0.3863069140345631
31 41 0.38749237504585254
33 41 0.13143857971968853
41 3 0.4662776839283995
37 41 0.8336353813114297
42 17 0.45030797261571276
42 29 0.19894469099211154
12 42 0.5010222476613126
42 12 0.7662352611835752
43 25 0.9955217660473268
5 43 0.970343802801129
43 13 0.21317823202420905
43 10 0.4228285465308663
25 44 0.4469119205925628
40 44 0.23447149345871832
44 10 0.6486097492048474
44 4 0.939504209254567
21 45 0.7663914803770808
45 3 0.9935833800746632
38 45 0.949807953136435
45 5 0.13940207483341283
46 1 0.8860367502809402
18 46 0.6477969820713145
42 46 0.34083906185339796
24 46 0.9122362561340728
43 47 0.4059712466628045
47 23 0.014461262364856675
3 47 0.11483257273958258
4 47 0.018344062061900535
38 48 0.2235464925371774
10 48 0.5759744061712775
7 48 0.9478524242708654
48 35 0.5687632778013569
49 44 0.8531487761163082
49 23 0.9633972540603426
27 49 0.2854491077352649
49 3 0.7895167468152413
50 4 0.09105419856153218
50 24 0.7281065033037571
50 23 0.43277866636315543
50 34 0.22797987184630197
