1 2 0.14169682028377095
1 3 0.7925741414574572
3 2 0.23039521311223676
4 1 0.6645190495217406
2 4 0.9777980326599528
3 4 0.9496924078668593
5 1 0.05991531244027393
5 2 0.12871062062847272
5 3 0.3382620627327665
5 4 0.5704061925418977
3 6 0.24735887402902923
5 6 0.887347762403276
6 4 0.5621921580710114
6 5 0.706211476919241
7 1 0.19475595972832271
7 3 0.06880767975529123
5 7 0.11217591906536073
5 7 0.7196226104383961
4 8 0.6020597484918863
8 5 0.6779980663781899
8 5 0.09217667558988785
8 1 0.5320736179074297
7 9 0.14274210623172245
4 9 0.18749509980334533
9 6 0.45792458970430594
8 9 0.8023732808006776
10 2 0.516778086016838
10 5 0.8266931565540573
4 10 0.6873440001068835
8 10 0.1806151528182912
5 11 0.06033436263744474
5 11 0.7644289018324869
5 11 0.021240429580636655
11 3 0.05290373921638958
9 12 0.4973092553505135
5 12 0.26665646717728986
12 8 0.5068529894777204
12 11 0.4314262863142041
11 13 0.6530882990454391
13 10 0.7719419169902644
4 13 0.4065226171704732
13 11 0.014499533391380326
5 14 0.27487488796974113
7 14 0.32399771398540356
14 6 0.6820067387518716
14 2 0.01863572415857928
15 1 0.6261655924432852
15 4 0.9267985765987775
5 15 0.1828537085076688
5 15 0.03542635114039594
11 16 0.9833601239038562
11 16 0.39965268089712425
11 16 0.8864882735329356
11 16 0.6940975151497794
17 7 0.37926960666237797
17 2 0.4011530822970629
17 11 0.4090673093571915
2 17 0.7285356213788887
2 18 0.04017648245103933
18 8 0.07262744534607768
18 6 0.04975846784043225
18 5 0.6957371187814874
19 4 0.1451093205950711
19 4 0.6044858406267192
11 19 0.8823046041788001
19 2 0.6633599486168074
11 20 0.7794565671768386
20 7 0.9931202625483452
4 20 0.875141268707456
20 9 0.2951884786970478
21 4 0.7957006882991887
15 21 0.5266835233651712
17 21 0.6909247562914831
11 21 0.9361457960647658
12 22 0.8829972309324321
4 22 0.7539566022148303
22 4 0.4341900948561801
3 22 0.8923685461913505
10 23 0.5307772729305507
23 20 0.2655233554050215
23 22 0.3681244176356402
17 23 0.25941494336027615
22 24 0.2967006897047264
4 24 0.573864006710401
24 5 0.5506365788336894
12 24 0.5136228786638831
4 25 0.2918595801138958
25 19 0.14233261436013867
6 25 0.27774244174724927
25 10 0.612489953649234
26 22 0.27065627455158847
15 26 0.9013043677311611
16 26 0.7996697127326228
11 26 0.5525529344578093
19 27 0.7582514438488882
10 27 0.8573930060343016
27 2 0.18722354954117149
27 3 0.23464870316796915
14 28 0.29335930795028475
28 11 0.3236413360964364
5 28 0.24547745921215458
28 3 0.9252333807613355
29 11 0.30152086284235435
17 29 0.43910621895128776
29 17 0.3517573378746257
29 12 0.5630115627974869
15 30 0.8538932667787968
30 14 0.9064087984708614
29 30 0.29968725033082433
7 30 0.5413186791835305
18 31 0.9735361317792561
5 31 0.6790401566233112
4 31 0.29915726202121595
31 29 0.5380041986214783
32 22 0.7317478281823547
7 32 0.6515871490915115
17 32 0.36792486794099644
32 9 0.8696179922343151
33 2 0.7910542501921474
33 2 0.6984359733451481
33 31 0.2816370768308212
33 5 0.08432563659869574
34 8 0.16675935725221813
18 34 0.04719811832788956
19 34 0.13632540530205062
12 34 0.7504179669650936
35 5 0.9268462817293668
3 35 0.4969491447716967
35 19 0.2548944765518121
35 7 0.026284634342486846
20 36 0.142859103703198
22 36 0.17306458383910017
36 15 0.3259780271461644
14 36 0.372750329703049
18 37 0.7876528362178254
26 37 0.914102566549925
29 37 0.9873624888639301
37 36 0.9158178897534893
11 38 0.36237939979653133
10 38 0.9117752856562753
38 4 0.716582483236823
38 24 0.8625272115999275
39 13 0.9406101457659752
20 39 0.11903049793648968
19 39 0.5026739757365177
39 4 0.47435406188232443
40 32 0.09714880760422906
40 34 0.7662478402790803
40 29 0.1323598328225558
25 40 0.831596963743916
41 40 0.07812714722715441
41 17 0.004262497982841729
41 4 0.6461625508188652
27 41 0.4153649261666621
42 12 0.09928393369042465
4 42 0.9785165902094756
35 42 0.1659360970512167
17 42 0.01097867850990153
43 8 0.9796521182585493
43 8 0.523544072257161
22 43 0.38504649320464257
43 8 0.415997514743062
44 33 0.2203291614621492
44 8 0.7034023260115373
20 44 0.9993502974614974
3 44 0.7062994906990097
45 11 0.2624382060566417
45 9 0.7483253383644353
3 45 0.9235711641709884
45 14 0.6071693615105501
46 29 0.05488249728533168
26 46 0.4905775194966221
46 10 0.5311517753814353
9 46 0.6064864614996469
47 19 0.18920946586756693
47 22 0.3900483579946782
47 7 0.8322801307508901
47 43 0.23880369297364934
2 48 0.6707573188250253
48 15 0.8707160677472647
11 48 0.1393823213771629
23 48 0.15001836464947704
49 26 0.5308756938458636
3 49 0.18405707206033795
49 7 0.837844185720093
49 11 0.5851310790503779
50 11 0.42482347389934616
50 14 0.4467245433362279
50 6 0.25785666288771436
50 10 0.4544493942073944
51 33 0.4080162970528083
9 51 0.5721921126923949
9 51 0.42276295825048815
51 38 0.04716032850119867
52 26 0.34669398493630343
52 5 0.49287401511892237
52 5 0.8552037589624883
52 11 0.8563811075636186
10 53 0.10226675772537197
53 4 0.2960236482962022
53 4 0.3428874254641451
39 53 0.6026338124609494
7 54 0.7314395044446746
54 28 0.544267411694423
3 54 0.8504892534211669
49 54 0.05473664636547104
19 55 0.8634226944713259
55 41 0.14427374158690265
11 55 0.4386789173475065
55 20 0.601330204357389
56 16 0.6719567721465101
36 56 0.1943923635119622
16 56 0.9950117713238411
3 56 0.0817445527877746
57 5 0.48336678971777836
23 57 0.5935790336835736
57 10 0.018210153654558248
57 39 0.06831449067283335
7 58 0.8580328824065673
5 58 0.3558739496168527
58 48 0.644392830631951
58 31 0.018596642144161124
59 33 0.22395015154725406
59 34 0.9721877209571703
21 59 0.39626599417389086
59 53 0.560990203262006
60 4 0.6259685082375197
52 60 0.6474729697690412
5 60 0.5959178429299196
60 12 0.3367061494293223
61 33 0.6517658240065604
61 12 0.5758212581993704
57 61 0.5476081970945789
15 61 0.06610228527723094
62 47 0.27894530307893184
62 37 0.487051304326222
51 62 0.7466875130870814
62 6 0.1588896464978481
63 9 0.744250623352543
15 63 0.8129960004248417
9 63 0.2650823402054605
63 8 0.40458166535799844
64 43 0.3766634712750091
64 7 0.9525249797329026
64 38 0.027076396481443
22 64 0.8742200775594365
65 16 0.8943047562782382
65 63 0.44142027047935395
39 65 0.8470195034513652
32 65 0.7209652430787039
66 40 0.6146372466122706
8 66 0.6002360302655394
66 39 0.9768237499406662
21 66 0.6888186395712065
67 39 0.11396144964326271
4 67 0.934886510565536
11 67 0.7330738635637758
19 67 0.6616850925907194
68 22 0.5502729025595635
7 68 0.6410138337399924
68 4 0.1393720610769319
60 68 0.11558764868081928
25 69 0.7591342285942341
49 69 0.6064752750839597
69 28 0.13591275904755018
69 29 0.679489596112175
17 70 0.15959864704736249
17 70 0.8707056130095436
70 4 0.7009103551838372
70 17 0.04542511775504887
24 71 0.7695750481759988
71 47 0.632910451717021
54 71 0.3373314896986398
71 26 0.9069448753285595
4 72 0.3152320056289464
58 72 0.6601501761404057
9 72 0.3229678181658042
62 72 0.6183706562692218
11 73 0.1489694382711937
73 29 0.3136004215538212
2 73 0.6426308395422057
73 26 0.968701550696241
74 2 0.31082762173780076
4 74 0.7397139326290109
9 74 0.05392399609681886
74 55 0.6629737335863127
3 75 0.903836791691794
27 75 0.7371749477367002
75 4 0.9047050722358425
11 75 0.5042659494280574
9 76 0.6542104090542196
76 27 0.07466668389983122
76 47 0.5590999213341274
40 76 0.1829454724577546
22 77 0.6627111656128779
20 77 0.4796411901037957
48 77 0.8836505190919507
77 43 0.42185425128014153
33 78 0.4114438486260936
67 78 0.23961457547822396
78 6 0.27693595359404766
39 78 0.07131381888355104
11 79 0.8833165233367011
79 31 0.8059691860278916
79 7 0.7197018877055491
28 79 0.7400542084048679
10 80 0.5874445567604025
5 80 0.30986140934329987
80 3 0.6987213359378504
12 80 0.8475304331180312
81 19 0.07933820723049823
44 81 0.11311412497006179
81 17 0.9452671787356058
4 81 0.7065425093632551
75 82 0.6402727796706126
48 82 0.0901661440205439
82 25 0.8528004396531172
82 41 0.22981938905285149
65 83 0.05226500198184969
83 11 0.8947166715489808
21 83 0.8899924167925127
83 3 0.8600663229370082
84 48 0.7616448940281872
71 84 0.19068994997416155
2 84 0.7345644326001705
4 84 0.6814400170808323
85 83 0.015416029905592432
11 85 0.03361201335808128
85 54 0.797695076431853
85 9 0.7870103178510266
86 23 0.5071608090261168
22 86 0.4216092512043823
30 86 0.275145376288246
38 86 0.3885625787541891
87 6 0.7092090018953104
87 17 0.7841803872959925
11 87 0.9324873521296108
87 80 0.5101885156000863
88 15 0.6228895720419234
88 47 0.7396664178068818
5 88 0.9037647693170442
8 88 0.287344138198636
89 2 0.10319287350794393
60 89 0.17057241579881077
89 8 0.36204421359999117
89 13 0.07237909338533044
90 4 0.31681801450833746
38 90 0.9989800011914798
90 21 0.7697790447148786
90 17 0.468014412529961
