2 1 0.7129482532805825
3 1 0.20189793611129192
3 2 0.39311674771846694
4 1 0.30357246883583333
2 4 0.42833080345855923
3 4 0.8163369236711655
5 1 0.496039701944898
2 5 0.60997694241815
5 3 0.2838722565108449
4 5 0.2874256479634869
6 5 0.1051160406595808
3 6 0.8873900639614983
6 4 0.176783017242518
6 2 0.3029749681112458
2 7 0.042527000331145204
7 1 0.995418784674928
7 5 0.4636623610162437
1 7 0.7935113031140276
8 2 0.9180011673338225
3 8 0.45845393578611526
5 8 0.5571277879630958
2 8 0.3507844041228041
9 4 0.17621734412316292
9 7 0.4175467839017796
3 9 0.5011622158581017
9 8 0.7817479017353617
4 10 0.06439392503337471
10 4 0.1642032285129278
4 10 0.25978193781470216
4 10 0.8014982668968466
