2 1 0.2817103143164631
1 3 0.821048311078437
3 2 0.2970002605156715
4 1 0.3952517603217627
4 2 0.34871157031550104
4 3 0.5447376202352018
1 5 0.6672916424466104
2 5 0.302774035528383
3 5 0.4223827317798283
4 5 0.9730226017732798
2 6 0.9847834155619138
3 6 0.3848469036081653
6 5 0.30773738207526746
2 6 0.26985016511048165
7 3 0.17346417794887947
7 1 0.5942708764291244
4 7 0.441089018214761
4 7 0.4575520368219288
8 4 0.6939392158336439
6 8 0.08545137148761028
8 1 0.09031564494566768
1 8 0.7545426744492348
9 2 0.554441627338919
9 8 0.5589451289742164
1 9 0.8252001212998331
9 1 0.9542569000656531
10 1 0.9798798654092321
3 10 0.9268885249650686
5 10 0.5961109231968771
2 10 0.3309770359038692
11 5 0.804131196226031
9 11 0.8625304615471701
11 6 0.5428009416282183
2 11 0.24611397512439048
12 4 0.3909261364348625
12 6 0.5881833449673403
12 5 0.12329476721834398
7 12 0.31706452528155726
13 8 0.6761561375751348
4 13 0.009841453522093424
6 13 0.3736853544879667
2 13 0.921090503940011
4 14 0.009603679268558318
14 5 0.2668525568155392
14 1 0.4575674716214063
2 14 0.0869554706298662
2 15 0.10292236224634899
4 15 0.4374147251505759
15 3 0.05280945336951215
8 15 0.9960271639362389
16 15 0.11824788270240238
5 16 0.15210056814520712
8 16 0.21202263727412185
15 16 0.4612308584769732
2 17 0.26382428902588706
17 8 0.9082798210162993
17 10 0.26203691412923713
2 17 0.23573399042763
2 18 0.13399954092153332
3 18 0.7879335115397202
8 18 0.5680079005626738
15 18 0.6865664168750687
19 14 0.721310057828437
4 19 0.2545616601135243
19 8 0.0015889436215793529
19 1 0.6274043857337273
2 20 0.5989909329519836
2 20 0.3855665594252111
13 20 0.3044575703984831
3 20 0.37476253670855153
21 2 0.06583249987105133
2 21 0.19084083590090573
4 21 0.6537236061870252
8 21 0.1457205613032011
22 4 0.524623166972374
22 16 0.6674434001315429
2 22 0.8011614762770561
17 22 0.7446465856147358
23 17 0.8072920278374336
23 3 0.6803429565585084
23 15 0.4678818803689857
23 12 0.4084446899138844
3 24 0.14847554779142857
11 24 0.0930882455975256
24 17 0.02653396241006034
24 5 0.526992508841062
25 18 0.45363259584231885
6 25 0.6227852089931106
19 25 0.10148278356065388
25 5 0.47114159174175263
26 20 0.2721656965080286
2 26 0.38085710989339194
5 26 0.3795907159538502
23 26 0.7359691437094698
9 27 0.4713102309003947
27 6 0.786410909318668
3 27 0.8051395070666562
12 27 0.427214830286354
26 28 0.8594592048975949
20 28 0.37957944636662266
28 8 0.5814066989409573
28 2 0.7542315652732061
4 29 0.5639298975654927
29 24 0.36667273450224835
2 29 0.7513117495016609
29 15 0.9786558370386298
3 30 0.6781649953239862
30 15 0.709710860947666
30 8 0.7067677526767021
30 5 0.9025256133784205
31 2 0.9687743249656248
12 31 0.4872464079569572
31 6 0.676699251834974
6 31 0.21621893799793568
32 25 0.376976690447266
4 32 0.9943671988243179
21 32 0.6012728101021738
14 32 0.38603946573343917
8 33 0.21851770773423163
33 18 0.8160341722877396
33 22 0.7178975840683645
28 33 0.5769752691342013
34 12 0.2589229440538068
2 34 0.8336021931102177
34 27 0.19950412670586004
5 34 0.06656111888383154
35 9 0.12662493993241186
35 34 0.929526332051239
35 8 0.7345784944563644
35 13 0.7005651199176878
36 30 0.1892331194154515
36 15 0.3525080515911311
15 36 0.38842212682677313
6 36 0.20719498431285877
19 37 0.26198123157925146
37 9 0.5106673335147405
37 3 0.9992185734653884
35 37 0.08329055792763185
38 24 0.9580504105285998
8 38 0.6692509316192566
2 38 0.3651378469615578
38 2 0.25279813407772056
39 15 0.4815596419537632
39 15 0.3710334921136137
6 39 0.6081255037843432
2 39 0.9188136405360127
7 40 0.33842743864265423
33 40 0.5916526007702523
40 6 0.8077938391186008
40 13 0.33900208796836395
41 40 0.11130040949158582
41 8 0.9349253022683361
2 41 0.8735146889495269
22 41 0.1205078694242322
42 19 0.5433872459967738
38 42 0.2311257390122955
42 15 0.12305738120586085
42 5 0.01521196933463087
43 9 0.4725319276101466
41 43 0.7396734565351747
43 12 0.7054309325013427
31 43 0.5034561719400595
26 44 0.048613816322118475
44 15 0.33473003370744225
44 2 0.31920426114302003
10 44 0.5089677195189548
38 45 0.9676151702364771
45 7 0.1738998434556991
45 26 0.18337299178641808
25 45 0.647911663759787
1 46 0.9369529594478506
11 46 0.851485646197782
2 46 0.9654601235997259
36 46 0.10821450678997502
12 47 0.880673579749355
15 47 0.3865089670433004
47 10 0.4631452978573961
47 4 0.2891345216403992
48 6 0.09317575581181703
46 48 0.23261429164401048
38 48 0.08723393730676887
48 4 0.7487143809220247
49 21 0.20526243330911897
22 49 0.5886003763971909
2 49 0.3694235771527975
3 49 0.07017421280172242
12 50 0.9746768781521669
12 50 0.631855895569079
50 3 0.20828752312449494
50 2 0.34002869340553443
19 51 0.09834765207131968
34 51 0.3968832064207052
3 51 0.7142379546985341
51 5 0.4772066549071652
52 24 0.7307259335709925
9 52 0.6023342513932949
49 52 0.22798947058532204
52 12 0.4142091002394548
43 53 0.2185849884736628
21 53 0.06985061291264782
53 2 0.1631319704090749
53 48 0.3776202870443949
10 54 0.34844464956192633
3 54 0.4715381812313443
54 33 0.878811445130733
54 12 0.4326016985906401
4 55 0.6008831035086006
27 55 0.49613007033524936
55 15 0.9029232778119366
6 55 0.34761889041072414
56 2 0.35844808036025544
56 55 0.5485715910966773
12 56 0.6333529453742082
14 56 0.7924522095147812
6 57 0.7832955806800077
21 57 0.7850082337238736
3 57 0.1537192050286197
57 14 0.5990066821056101
1 58 0.6300164685243121
4 58 0.7613489228878509
58 29 0.16201367659714072
58 41 0.28385063764739493
56 59 0.07767035562310398
31 59 0.3927176628813319
6 59 0.4492627646656516
59 21 0.9513911638566479
59 60 0.4639333491006655
60 41 0.07233945698351396
60 45 0.8676492857412738
2 60 0.6197736560108298
61 20 0.29860290030466397
6 61 0.09440977800729533
61 40 0.8260541635043683
61 18 0.8930968735321101
42 62 0.27459735935371443
62 5 0.5926638202927489
13 62 0.1493154222809825
62 21 0.6977598236948462
63 3 0.6866929676103741
42 63 0.8737971658687324
6 63 0.8695261448838635
63 15 0.11035587204750397
64 43 0.37914860062327793
8 64 0.9499146019931676
19 64 0.8513826520150457
13 64 0.052914249993733065
65 46 0.30072139733113357
65 22 0.2875593209507852
17 65 0.2722425099175415
65 35 0.212535474862651
64 66 0.7342518031734285
66 8 0.21304183238782426
66 23 0.66559569413411
66 52 0.9014390455139887
4 67 0.9237948096022986
67 46 0.19547054515840978
67 64 0.5097234677990354
67 2 0.37421738500193547
68 2 0.4534319272962337
68 2 0.24207810245295114
68 38 0.01622854350825287
1 68 0.7167314476296867
69 68 0.8276036820053891
69 23 0.3234582852409946
69 14 0.5404241818272785
69 23 0.40989835133224684
46 70 0.46098164367878747
30 70 0.478615056946311
70 53 0.994523573370364
70 67 0.08846691120651484
71 25 0.8142433671609254
71 18 0.8863543625606697
2 71 0.9077826129776236
24 71 0.12148102398133409
72 6 0.8297396104288858
72 19 0.7758336864718521
40 72 0.8921550505997372
72 8 0.4981091029552177
4 73 0.8253407683462494
73 19 0.8804456485456641
73 9 0.9196068787224204
73 38 0.9944224508520187
9 74 0.6578210836167113
74 9 0.8896006263944027
26 74 0.8263615544625122
74 46 0.866314776004679
1 75 0.701494238199302
15 75 0.5147636638310288
75 19 0.2131117367533365
75 4 0.011435873436982269
76 2 0.9120192711301139
41 76 0.6280996218066617
2 76 0.9883063718679235
76 73 0.43340740838628355
77 26 0.6146699029007064
77 19 0.5328361000167305
47 77 0.6690167175199573
45 77 0.17198668938003092
78 64 0.7886627102622261
6 78 0.020637184171281686
78 63 0.3270583086276433
78 19 0.07361141967779594
42 79 0.10198273498267374
23 79 0.8186196038582998
38 79 0.7465885983202408
17 79 0.24846915498396904
80 23 0.48122238566027165
80 7 0.52150439502908
80 5 0.0490430659255372
80 11 0.6655842636124439
5 81 0.7563554245642008
81 68 0.4200936889675765
81 3 0.39863393188979523
81 17 0.2678452412509704
82 34 0.9377363160434514
70 82 0.8005681817673707
82 45 0.610199299465717
82 31 0.6161773156445932
83 65 0.7498859504781389
83 5 0.24168664281766816
49 83 0.7058030249029883
83 41 0.6708204893132048
5 84 0.6226195270796605
23 84 0.5127110403246238
84 80 0.9453215711031393
84 14 0.521697830877499
85 21 0.8274521460821286
85 15 0.9033216559795998
85 15 0.4203856040325441
66 85 0.6322568865653313
86 77 0.7656701963977497
15 86 0.7996538069348611
35 86 0.42347341983914366
31 86 0.5036250264460627
87 2 0.30733913175224403
22 87 0.4222653551623836
6 87 0.515841522090605
20 87 0.8403497095581794
2 88 0.8805682696626653
88 6 0.6626521835722103
88 42 0.14384756539253174
88 1 0.20919660270148188
89 48 0.24780622190323398
63 89 0.7085426122521247
89 2 0.31904689846222745
38 89 0.5946462566795461
90 20 0.6291235230470502
90 21 0.8555904848778684
3 90 0.21564908571724994
90 50 0.5754080812803347
91 8 0.458620937781964
91 34 0.43895458219045425
73 91 0.4221607254272546
91 5 0.893312301538194
13 92 0.5844997201083071
92 22 0.3478481961338804
92 2 0.3225041482478981
92 37 0.7998946414614422
93 3 0.5765785401873537
17 93 0.25470940797707575
50 93 0.6966941793575665
93 20 0.808914939793096
94 42 0.4140796007317823
41 94 0.6570553948256626
94 14 0.22231355425262067
23 94 0.12532428312010058
24 95 0.7635014265765042
38 95 0.2312072187617007
95 41 0.9468702933129461
95 18 0.3869205807459738
