2 1 0.7129482532805825
3 1 0.20189793611129192
3 2 0.39311674771846694
4 1 0.30357246883583333
2 4 0.42833080345855923
3 4 0.8163369236711655
5 1 0.496039701944898
2 5 0.60997694241815
5 3 0.2838722565108449
4 5 0.2874256479634869
6 5 0.1051160406595808
3 6 0.8873900639614983
6 4 0.176783017242518
6 2 0.3029749681112458
2 7 0.042527000331145204
7 1 0.995418784674928
7 5 0.4636623610162437
1 7 0.7935113031140276
8 2 0.9180011673338225
3 8 0.45845393578611526
5 8 0.5571277879630958
2 8 0.3507844041228041
9 4 0.17621734412316292
9 7 0.4175467839017796
3 9 0.5011622158581017
9 8 0.7817479017353617
4 10 0.06439392503337471
10 4 0.1642032285129278
4 10 0.25978193781470216
4 10 0.8014982668968466
9 11 0.2999016092211997
4 11 0.661626230841282
11 2 0.09729520752762566
11 6 0.1262857660325758
12 6 0.447206843454376
9 12 0.8071940436497664
3 12 0.985524534403374
12 9 0.18052381118766825
7 13 0.26504054400946775
13 11 0.6694730393851699
13 12 0.13338831828254116
13 8 0.7045972105478822
14 3 0.3400066504178969
14 3 0.2759812651231148
14 1 0.49010184682498104
13 14 0.48221588354835676
7 15 0.8017598044265027
12 15 0.4907442382078474
9 15 0.4974279162360611
9 15 0.21650286453733658
16 12 0.09156690186097372
16 4 0.9295007210055232
15 16 0.25731501676307167
16 12 0.1953712986697722
2 17 0.5800390358204301
7 17 0.8995688711232046
17 3 0.008082749850376048
4 17 0.4866331193640886
17 18 0.4156841558470181
10 18 0.15749951941751072
11 18 0.9718140076637304
18 3 0.19664023427994326
19 3 0.6152437143364156
12 19 0.5157950433229407
19 16 0.04993610556031114
19 15 0.7307255369101134
20 14 0.6608064653939062
4 20 0.15469689003640974
20 4 0.5484219459491657
4 20 0.2757243610008169
21 11 0.7137450148814048
4 21 0.004900479686514081
4 21 0.25901988852787916
9 21 0.1985272637086034
4 22 0.010056907518869784
22 16 0.45593305382816884
22 7 0.26957259183377846
6 22 0.44946905735421727
9 23 0.23383037135802076
23 14 0.7468460000478145
23 2 0.3045694523872974
4 23 0.7409196942451192
5 24 0.5786035366760696
24 9 0.8970896862702594
24 7 0.5290064861351131
24 3 0.19014225737339407
3 25 0.2662026515590289
21 25 0.11163818047536478
25 21 0.885974103015368
25 3 0.44536514307901987
12 26 0.3676452033814318
26 18 0.7070983847201151
16 26 0.492141684670409
26 13 0.048037687287062814
27 9 0.4387692369847195
18 27 0.932574985840707
27 1 0.22611371817196624
27 4 0.02258103854621807
28 15 0.655415902493172
3 28 0.16513796546855997
2 28 0.3892950490011846
28 19 0.9001055977039698
29 10 0.8201742987175386
3 29 0.03838070285254336
29 10 0.9437778900374123
2 29 0.9789477640949849
30 16 0.15742203438557267
9 30 0.9432289861663818
30 7 0.9722227106365294
30 4 0.793170261039181
9 31 0.21749081478559829
18 31 0.09744916716772978
14 31 0.37275523323940285
17 31 0.9453639142884878
32 12 0.0521934863548722
8 32 0.279178192338131
4 32 0.8143132849297041
18 32 0.7638884977538571
3 33 0.44925862686055396
17 33 0.22244101665831717
11 33 0.543780081321917
33 14 0.7165302261565873
34 4 0.5763085169978241
25 34 0.4731776367818875
34 32 0.5018678472966307
26 34 0.14319599119765258
9 35 0.8581226353631323
35 34 0.7512429112359768
33 35 0.9582304041011938
35 17 0.6687266839247686
36 18 0.9520426282769852
2 36 0.9343591639923944
36 2 0.1629435311788099
3 36 0.0373418827530938
37 4 0.6813417253433728
37 17 0.9001641282834176
4 37 0.6876237197923302
37 17 0.02681506513218601
38 16 0.18429278564555196
15 38 0.5130142742374173
4 38 0.5955514363953895
15 38 0.47142237035748336
39 22 0.48941484560747384
39 1 0.7503051499782728
39 3 0.08639241685909804
13 39 0.44957288443263577
5 40 0.4965102738677124
30 40 0.8627389870600329
6 40 0.741245252785009
16 40 0.4656231894055187
41 7 0.5355069915841392
1 41 0.38013573487676344
41 17 0.5988632574633106
41 8 0.7771622668710443
39 42 0.8776328153445406
42 20 0.18069219016929694
42 29 0.36243354099887903
42 17 0.7637487059225515
43 3 0.8565179490384836
43 6 0.9989109740023842
17 43 0.4573579824687637
43 9 0.4455442756210779
21 44 0.739654098982489
30 44 0.6617064321981296
3 44 0.44297006503536274
44 2 0.36241878844897646
45 16 0.7247139345434187
45 4 0.5652694963314481
29 45 0.855846862029541
15 45 0.7462900779388587
46 3 0.6995873216458338
13 46 0.6000923767935733
20 46 0.884907477834365
46 5 0.5235459279944228
47 30 0.5401222397377379
47 26 0.9366881308737792
9 47 0.948084174606412
16 47 0.45959984096783635
48 19 0.9121542492411527
36 48 0.04797232385926309
4 48 0.08431872476540281
2 48 0.37212362359206463
49 43 0.24217946337774277
49 27 0.9363308522709772
49 10 0.7633981522512011
49 31 0.13072020015532126
11 50 0.745364542015657
50 11 0.17043485324482077
9 50 0.4326644515378204
3 50 0.5380648359447113
51 4 0.877501352218363
51 2 0.4210385753815804
18 51 0.9266308080963402
51 31 0.9093132649880251
52 15 0.7851351109742823
52 29 0.09052205694751347
42 52 0.5234427075713319
5 52 0.26688072985802724
44 53 0.9111952902103304
29 53 0.773415866013565
21 53 0.5379800598822592
16 53 0.894630192070952
16 54 0.8277816246505098
41 54 0.03950688620658094
16 54 0.8363789572933537
30 54 0.7043250313829005
23 55 0.20858291384195826
37 55 0.2332042047205477
55 2 0.8300346665199267
55 3 0.6790581507623097
56 44 0.6257794229502596
15 56 0.09303683922154393
25 56 0.3722741211991719
56 9 0.7943463997083878
57 48 0.7469121248259818
57 4 0.002307150305588035
57 17 0.3565189173730763
17 57 0.8136368095144503
52 58 0.9563703169081244
1 58 0.7119160175144166
15 58 0.8070740673480956
29 58 0.04278343035513854
59 3 0.6861559761615775
59 4 0.670447263885884
59 26 0.9583738227973677
3 59 0.4383530793067032
30 60 0.06776571800815645
50 60 0.8004946187200899
53 60 0.6788848070702995
60 6 0.9210289237594903
53 61 0.7445555483838272
18 61 0.09269522310799327
61 14 0.2660802195496267
61 18 0.6685308475966392
62 22 0.0660065568061885
62 6 0.12163417206935101
62 13 0.056788154418727754
62 54 0.8506042772308384
63 56 0.9419384961789314
63 20 0.6736497254876417
63 2 0.3397121159845522
63 31 0.9533552149635673
64 36 0.11799909280329546
64 62 0.7746185859532946
64 35 0.8842376762585934
64 2 0.6621142772926255
65 52 0.46145671658306486
4 65 0.10309556535910125
20 65 0.9997347052961515
65 33 0.29262383317951013
66 34 0.2810006063269006
66 53 0.3733163906245017
66 6 0.020579173914858417
66 30 0.9584122646650008
59 67 0.7024906441155595
10 67 0.4470398828346023
67 18 0.6020855465783552
67 57 0.18163784854434817
68 61 0.4366837466959457
6 68 0.5277437527637928
68 2 0.20775519467407255
3 68 0.13371322095803118
69 8 0.530252767862848
31 69 0.30151310901509687
61 69 0.1332626332378294
69 6 0.28708255190108267
3 70 0.2971406793598135
22 70 0.10354264115829281
31 70 0.7942398560985932
70 65 0.12147587485372469
71 21 0.8322311502706521
62 71 0.7246334654160244
12 71 0.012465914189426996
71 3 0.21944414073642127
72 21 0.11162194053831032
72 26 0.9082331332409801
72 15 0.04834608317376765
36 72 0.2590538033636205
40 73 0.14640544963740676
48 73 0.6232204256311088
9 73 0.18406830843703348
66 73 0.18731281964754365
7 74 0.8123577218033063
74 2 0.3037974771569244
74 6 0.15626639000690257
73 74 0.48577472335990135
14 75 0.07738770907677295
70 75 0.4777257837155042
2 75 0.7211879367909075
59 75 0.784311150739611
