1 2 0.2247053208101456
1 3 0.4740010663431766
2 3 0.7428084515587566
1 4 0.49686945106019653
4 2 0.3139323723678429
3 4 0.4352425798041313
1 5 0.7228519115578315
2 5 0.6179146199892226
3 5 0.5153248832613738
5 4 0.5701648792933479
6 2 0.056531334570490754
1 6 0.8565664699720017
6 4 0.2132821438371868
4 6 0.11001402661679138
1 7 0.13621546481106694
3 7 0.29372630049507453
7 3 0.0971495896644422
7 6 0.49670813826760263
6 8 0.5182601126088664
8 1 0.4123498063338308
5 8 0.20041670322007488
1 8 0.4803203430731624
1 9 0.4618955078694288
9 6 0.9976772645054545
9 5 0.44860351920192865
5 9 0.013934611208470837
10 4 0.5901696395552097
10 9 0.8951703914912352
1 10 0.9940886844465403
10 2 0.47342394984720104
1 11 0.11517366151672215
11 7 0.5598611675046383
11 10 0.8286783998981778
1 11 0.8959948154692048
1 12 0.12057241513850436
12 1 0.3395970742723674
12 11 0.37373006214949467
12 3 0.9104686116142446
10 13 0.3302077494028184
13 3 0.3521352768738305
1 13 0.4313658438609689
13 3 0.9883180914612265
1 14 0.0756667357716938
11 14 0.3971585578202068
14 10 0.19143315460685628
1 14 0.07077493282295744
15 3 0.9006215431121171
4 15 0.7090021794670861
11 15 0.8953041735463119
1 15 0.8132405106722628
3 16 0.01758488313007922
10 16 0.922376796154602
16 10 0.6436887391171514
10 16 0.2538113200513633
17 14 0.3896859090854664
3 17 0.28437472036554
17 16 0.5636171473913312
17 3 0.40861427604639844
16 18 0.39142793759928085
18 7 0.9465340637553786
18 14 0.5477151063280902
18 2 0.18534449094246164
19 2 0.9238666326891439
19 1 0.04830156557738685
18 19 0.30999450667581174
19 5 0.9460376879030461
15 20 0.5563515392998077
3 20 0.22330548217481416
9 20 0.5098089192995374
1 20 0.777016044292502
21 5 0.021061705091318772
5 21 0.00901164507308494
4 21 0.38551025205032263
21 10 0.7725627830740125
22 10 0.1860829284306985
1 22 0.09249893205880833
22 20 0.6213421771651175
2 22 0.045862688676122976
3 23 0.25598335378776294
5 23 0.008397614463182657
6 23 0.9781052276916181
23 17 0.5535696646218448
24 10 0.7290994938097939
15 24 0.4453612936716519
24 5 0.7370052748865398
4 24 0.8787777271788013
11 25 0.82280831173277
15 25 0.20721814243429415
10 25 0.14336802967575235
7 25 0.572439075820996
4 26 0.4162430584066924
26 1 0.7065005215928559
26 4 0.018116401720916553
18 26 0.8406042635702654
27 3 0.8024701917240044
27 10 0.9577120886282131
2 27 0.10937418032877522
27 4 0.726558979045858
28 4 0.4666456961179477
18 28 0.561270872664184
28 10 0.9057855897496078
28 16 0.9228193547891596
29 5 0.27383389671095104
29 11 0.6903913106215733
4 29 0.7332625560376991
29 3 0.634530711986996
30 10 0.6981686940046521
16 30 0.1676057841860108
30 1 0.39996625135982544
15 30 0.4157142038541798
1 31 0.49028702702950977
3 31 0.40219599689037844
31 26 0.5842772331940657
31 1 0.14701653184432872
32 30 0.14341595764976967
32 15 0.1484139062082206
32 3 0.00030813856527811545
32 3 0.29935905329140267
33 20 0.8753200977922272
13 33 0.6115492016162021
18 33 0.5581692464178896
33 26 0.5090497491008363
19 34 0.24286584520556176
6 34 0.7344963902709294
3 34 0.3614636498677605
20 34 0.15273180362252137
23 35 0.30719016967174173
35 30 0.6029561106894455
8 35 0.11328049012738484
3 35 0.7320542474729905
36 26 0.4717707302270211
36 8 0.5441368144933484
16 36 0.3676745282748357
10 36 0.37605570620931306
3 37 0.6791146368062456
37 11 0.8537982460393669
14 37 0.052634597787881265
37 10 0.40015469563284145
7 38 0.41042957633970223
38 1 0.8877922654556312
38 18 0.3860831972451243
38 26 0.4921342380827881
4 39 0.9352883172351915
39 1 0.6252854097072008
12 39 0.3350574841834385
39 21 0.7853916049348922
35 40 0.15301840395087574
40 2 0.24472859002871628
15 40 0.8742528544273607
40 22 0.44951581335544233
41 3 0.20224808128808336
41 13 0.3896630435319197
14 41 0.9623479618313185
41 10 0.2702254595257021
42 18 0.4708631221332873
42 10 0.5144159084974652
24 42 0.4075100153101945
42 3 0.37534848939696275
40 43 0.6785806182072487
43 7 0.5695464903902041
22 43 0.22961417450278532
43 29 0.924313127821124
3 44 0.7938732463023078
44 30 0.6384747756295188
44 3 0.5317536594587297
44 35 0.49355872598143236
45 3 0.4564779177104409
7 45 0.8799832722131967
8 45 0.3557798015307936
45 34 0.4822030423867453
24 46 0.8531979986811834
46 15 0.9285833970024623
11 46 0.2860259114069901
8 46 0.8240295478364738
47 10 0.5623428572436002
47 28 0.3848332809543653
4 47 0.18960220893964785
5 47 0.10383664788963232
4 48 0.293479868882221
48 42 0.7757450039186348
20 48 0.1670622168874628
13 48 0.24292799259004982
49 26 0.21288675392768375
49 8 0.675148211101397
49 14 0.6224428575056064
16 49 0.5946258905714075
50 31 0.8465763907673229
10 50 0.9369562108637213
3 50 0.26346170421048143
15 50 0.1753320088765581
38 51 0.9156820619926196
4 51 0.8046406890139348
19 51 0.8462163895509481
51 17 0.25078060447296635
52 26 0.5509390751335942
52 29 0.28861167364254314
3 52 0.07919129301253236
52 11 0.3445374190553765
37 53 0.044972263832034454
52 53 0.5356986925947598
53 10 0.5954770446227733
35 53 0.2819915956316025
54 45 0.2900634354365985
54 6 0.2321048984436972
35 54 0.206606957090264
54 24 0.8179126737197323
55 16 0.3520526339559702
44 55 0.16216991151858495
10 55 0.366556609105374
13 55 0.5361569442492944
10 56 0.8443932862049026
26 56 0.35735290594268854
56 43 0.8510192327804513
5 56 0.8384085435447726
3 57 0.7708192745078148
57 8 0.8327612322420502
57 11 0.8468842073917084
57 20 0.3287047152092917
26 58 0.43029878557506096
58 1 0.3959858050309256
58 26 0.16429301898861293
58 6 0.8758508926476316
51 59 0.004463487863010429
49 59 0.7441141191841673
59 25 0.11935471289778077
59 16 0.5540434241325696
60 4 0.9898283319077792
4 60 0.1825477345369242
60 55 0.005281575470513
1 60 0.9251814114981483
61 4 0.08742154090342102
51 61 0.9064974903206513
61 5 0.6153763876088633
51 61 0.9151035688794343
3 62 0.05017378347193546
62 56 0.09830413352417133
1 62 0.38878790275671604
62 21 0.9749133086513421
63 52 0.018922538563281854
31 63 0.5743488259218433
63 28 0.537252592986759
63 21 0.30716666694467853
13 64 0.32230197776151115
37 64 0.9582866169277005
64 3 0.4578389174268751
64 9 0.37273559671372514
2 65 0.802326739471448
13 65 0.06270954123747052
65 10 0.20671186179485201
65 16 0.22523762112620704
44 66 0.9806748023808314
66 26 0.6826357401515687
66 21 0.06422168133063699
25 66 0.6147735274010895
67 7 0.023022129806522518
1 67 0.13788266878478295
31 67 0.15397096041014846
3 67 0.9453327293416647
68 42 0.25524586324292753
6 68 0.23661831675773826
42 68 0.27943162801689747
68 43 0.7128361400994865
2 69 0.9682483183489705
5 69 0.09246470352264369
12 69 0.2807475719509751
38 69 0.47915961234349025
11 70 0.2939852050985545
20 70 0.38066306351444745
1 70 0.4110029631607742
26 70 0.7407863456002884
71 20 0.18890608192515623
58 71 0.5105822584197046
71 4 0.13998758696606084
71 5 0.27422954265720345
72 40 0.30665745496348373
3 72 0.2938067117067432
58 72 0.32268704076294874
7 72 0.5482310322978059
73 8 0.026976198296335352
11 73 0.7414843546995867
73 7 0.5846135706590433
24 73 0.3284000080939039
74 27 0.5275267794537504
16 74 0.34369757755593866
56 74 0.3954819931010488
74 20 0.7393842159357393
9 75 0.229575393704046
75 27 0.6136475887730634
56 75 0.17445712977758931
75 72 0.980550370561976
10 76 0.24400328092887302
76 26 0.704698548343716
42 76 0.6162996627237847
11 76 0.6414022242752805
77 24 0.6291216424465861
77 46 0.4677307936017089
39 77 0.6374173555878777
6 77 0.3103576202242776
78 41 0.7236159749964027
78 4 0.9817202569720229
42 78 0.9311186460427516
78 54 0.2918426888232367
79 9 0.36101175036079536
79 4 0.3429019485867948
79 32 0.06585397259252856
76 79 0.6314762072632172
2 80 0.23262702999006468
80 52 0.48933144525935335
80 65 0.4748480910416484
10 80 0.7896512388346961
81 52 0.3371123820259315
81 35 0.5573869838865068
13 81 0.6792942835661084
81 28 0.9666123836712281
28 82 0.24525546571073498
82 15 0.7458104326709264
62 82 0.8700585275990487
52 82 0.3285695231620057
83 76 0.11618943119424441
83 51 0.3607068442535183
83 65 0.36172126302263574
83 1 0.25372022909487646
11 84 0.7674853987016896
84 27 0.316747500413869
84 4 0.5365239875910531
20 84 0.21883798383867736
85 5 0.9795078382882377
85 74 0.15950485722765606
85 53 0.6310320898103874
4 85 0.2979367077385602
10 86 0.614724775925162
86 73 0.6986569523635602
10 86 0.31234162570732216
4 86 0.02801528026154143
1 87 0.4983452622670085
87 71 0.14667550123303974
87 54 0.042784195774821954
29 87 0.29293562293859077
56 88 0.863695643947088
32 88 0.2612126257413998
4 88 0.17902296612535007
37 88 0.4043569834418045
89 20 0.901188161958219
89 6 0.9731521352977444
42 89 0.0789461832788404
89 29 0.3638706086937845
90 74 0.9988856954751514
90 32 0.39267003889374563
90 76 0.7101069947964724
90 89 0.17442358811596326
14 91 0.747886433152134
90 91 0.7718339379147399
1 91 0.05647544222538747
91 51 0.819934044223667
58 92 0.9147881043233859
92 3 0.776771327591568
92 1 0.2821661771957924
92 91 0.10134830230639014
7 93 0.03444725473800725
93 10 0.27506294168676604
90 93 0.9724126939324677
93 19 0.7728633822558708
94 77 0.32130030711892654
26 94 0.7695905444272203
94 3 0.23344642266153148
94 55 0.3815668582338201
95 44 0.3333584946723842
95 1 0.8233423683400947
2 95 0.4881221604962819
95 23 0.10147329816177164
96 5 0.8712052838982369
96 25 0.4174349955465282
3 96 0.6574633984123618
96 48 0.9739356375070909
97 6 0.38612617079835576
97 28 0.270592528386706
97 6 0.0504347437839201
97 15 0.9327411784062964
98 43 0.5014851714945114
76 98 0.7677497637868037
98 6 0.32955306437776255
17 98 0.5440692156376298
99 1 0.9559333376557341
99 98 0.6288859059456755
99 94 0.6646074550282282
40 99 0.29351915997003575
26 100 0.16026757617707665
16 100 0.33763404684162457
11 100 0.7963195757263081
4 100 0.40295961533251345
