1 2 0.8253730577020464
1 3 0.9925482282008313
3 2 0.46536249773259264
1 4 0.9520362605308339
2 4 0.39016925469327
4 3 0.814147741044707
1 5 0.781481931458358
2 5 0.8972512580487421
5 3 0.6150991912375624
4 5 0.4559999215548791
4 6 0.3532159238531337
4 6 0.23698088028277986
5 6 0.3152385418030965
5 6 0.8328611534698582
4 7 0.5058732805227896
7 3 0.007253897819255117
7 2 0.9420931185760623
7 3 0.1518743149534012
8 4 0.15116016706321478
2 8 0.7316350595698905
8 5 0.6466183362896113
1 8 0.843420269402902
8 9 0.9126918806272803
4 9 0.20905595534328925
9 2 0.7562283068259014
5 9 0.9975200262385335
10 3 0.46945143635339825
10 5 0.2910807059956467
10 2 0.3547242377000466
7 10 0.39751202748334735
4 11 0.8501952771196633
11 9 0.6564932832439188
11 3 0.9004479019450846
11 5 0.32064502283740726
12 2 0.8854582749820388
3 12 0.8720598520465647
8 12 0.7375911357463811
12 1 0.021899765513067493
13 3 0.4092971091042179
8 13 0.03754026104397756
13 5 0.23574529719227633
12 13 0.8846106157290705
14 12 0.10798635214536878
14 6 0.5339182680743546
14 5 0.07367142884955646
14 5 0.11508807834580848
15 1 0.27355474500062726
13 15 0.09647900942209353
4 15 0.405319887655223
7 15 0.2457142230798578
16 10 0.44966982461429295
1 16 0.637066163536141
4 16 0.604820692624963
2 16 0.7081619081964005
17 8 0.4926614377546521
2 17 0.9347098972223847
17 16 0.525690151506278
12 17 0.8633768684780029
15 18 0.09381226104022078
5 18 0.525791556216144
2 18 0.6201244825796903
18 16 0.37985879860011296
19 2 0.9870846762145956
19 15 0.568203629343253
19 1 0.37526370339452964
19 13 0.3686367809733385
13 20 0.8469490746302512
19 20 0.32809079330726965
8 20 0.5526754243257991
4 20 0.9574000969335823
