1 2 0.028044252128725744
1 3 0.27173653719033675
3 2 0.8759347915928815
1 4 0.928075033045953
2 4 0.9787764453726037
4 3 0.22543589914200535
1 5 0.0114740551004201
2 5 0.5347318334755892
5 3 0.9084070577470079
5 4 0.180197010382236
6 4 0.8058457345098314
4 6 0.7762564922102905
3 6 0.8221487510105375
6 3 0.6590938395591346
7 2 0.9981575794605166
7 3 0.7528114737311659
7 4 0.31796009140761317
3 7 0.7332122705132871
4 8 0.7878702368562691
4 8 0.46085655497836886
8 6 0.14299307847446163
8 3 0.9026528042873847
9 1 0.5391719797662233
9 4 0.9291696844567868
2 9 0.44998698645687474
9 7 0.6576845429324935
10 3 0.03190814505716377
10 3 0.7087282334569732
7 10 0.05821069699368475
10 6 0.6191566776340082
11 8 0.7211131717744239
2 11 0.8870988074246913
11 10 0.9044949057317313
1 11 0.17850253093842772
12 9 0.66020201292304
12 5 0.36183335660471183
6 12 0.28968760415458916
1 12 0.7058813417757336
7 13 0.882909346443753
9 13 0.24660940902436868
9 13 0.8835547844351948
13 11 0.8478250381320986
14 3 0.838005623771927
2 14 0.1883115644744352
3 14 0.38568695547958387
4 14 0.390915261155075
15 7 0.6114252063277937
1 15 0.2591486896736025
15 3 0.8707936688404703
10 15 0.8494037455941038
