1 2 0.028044252128725744
1 3 0.27173653719033675
3 2 0.8759347915928815
1 4 0.928075033045953
2 4 0.9787764453726037
4 3 0.22543589914200535
1 5 0.0114740551004201
2 5 0.5347318334755892
5 3 0.9084070577470079
5 4 0.180197010382236
6 4 0.8058457345098314
4 6 0.7762564922102905
3 6 0.8221487510105375
6 3 0.6590938395591346
7 2 0.9981575794605166
7 3 0.7528114737311659
7 4 0.31796009140761317
3 7 0.7332122705132871
4 8 0.7878702368562691
4 8 0.46085655497836886
8 6 0.14299307847446163
8 3 0.9026528042873847
9 1 0.5391719797662233
9 4 0.9291696844567868
2 9 0.44998698645687474
9 7 0.6576845429324935
10 3 0.03190814505716377
10 3 0.7087282334569732
7 10 0.05821069699368475
10 6 0.6191566776340082
11 8 0.7211131717744239
2 11 0.8870988074246913
11 10 0.9044949057317313
1 11 0.17850253093842772
12 9 0.66020201292304
12 5 0.36183335660471183
6 12 0.28968760415458916
1 12 0.7058813417757336
7 13 0.882909346443753
9 13 0.24660940902436868
9 13 0.8835547844351948
13 11 0.8478250381320986
14 3 0.838005623771927
2 14 0.1883115644744352
3 14 0.38568695547958387
4 14 0.390915261155075
15 7 0.6114252063277937
1 15 0.2591486896736025
15 3 0.8707936688404703
10 15 0.8494037455941038
10 16 0.2560310794936166
6 16 0.6702748194836304
16 14 0.4165572570158752
3 16 0.8201219904884679
16 17 0.8785228658816744
6 17 0.4449489854535328
17 5 0.5490926565655652
13 17 0.17981454155727317
18 1 0.7617185888784574
18 17 0.588320047928775
13 18 0.4061675575383893
18 13 0.6388981834267744
16 19 0.1885698258122177
19 14 0.9698473489962224
19 9 0.6845252968775394
9 19 0.5974849335915794
20 8 0.36111636857554474
20 14 0.3676735054432545
20 17 0.21354637711958924
20 19 0.7295074719899499
17 21 0.768335075905938
1 21 0.9242368735403464
21 8 0.37233209752385443
21 1 0.8362408423095616
22 1 0.8372371551945383
13 22 0.39365371881362554
22 1 0.28513292248117916
6 22 0.03112337956264022
3 23 0.7802445982332901
23 8 0.7848127367298229
5 23 0.8178748660491145
1 23 0.7514386285849323
16 24 0.5155430692615174
8 24 0.593296264843565
24 9 0.6041610725341379
24 11 0.7043130315693232
9 25 0.5543173656602914
19 25 0.06792030536446869
25 6 0.3122131929074212
4 25 0.3462384269048251
10 26 0.19690713905686852
26 25 0.3608974174694829
26 3 0.08180102662027666
23 26 0.3270229648045808
13 27 0.029126305697302346
27 3 0.8457880916513606
27 7 0.32518123356151485
27 12 0.04915668010003871
18 28 0.38988707350428464
5 28 0.15153603770129098
18 28 0.48259821928454816
9 28 0.013585195650977155
5 29 0.8441040350469119
1 29 0.13092155762728708
14 29 0.3731514865300949
3 29 0.6492784188535212
22 30 0.9527620656910442
30 13 0.31737050934969446
30 7 0.37595937252294265
14 30 0.5770092148097796
4 31 0.24450006264860757
31 16 0.5931416787101662
31 14 0.763328302918841
31 30 0.03522305376817292
8 32 0.8920987388875616
32 3 0.5463563567804186
8 32 0.2951511131647627
32 20 0.8988708063034776
6 33 0.3240034306366991
24 33 0.5314490634436654
16 33 0.2610476168140329
33 3 0.4950041079963209
28 34 0.6041974752145586
1 34 0.33769763597911384
34 30 0.5975378660230805
34 25 0.5141907133163425
6 35 0.12583245429219447
17 35 0.9936258162003124
35 6 0.538193905312872
34 35 0.7678104311756931
3 36 0.14782518851901005
36 24 0.05416070539628659
36 26 0.6956579269313841
17 36 0.9905647537894752
37 27 0.794279335592499
14 37 0.5210384852638112
37 18 0.9888962489080843
7 37 0.036816156122308596
38 15 0.8761860859601573
5 38 0.6773423759035205
38 24 0.4123568460674816
24 38 0.4448687480900002
11 39 0.43012182396403853
39 4 0.94226403279165
39 37 0.6041499812695397
39 18 0.9036476552987545
3 40 0.08344402993837152
40 21 0.8844894316626866
40 3 0.7525968720855666
6 40 0.4315384904569569
4 41 0.41412903951111046
34 41 0.2872554953288642
5 41 0.22413418682541741
41 14 0.983307835993573
8 42 0.5381557253390277
42 1 0.07538690296306239
42 2 0.16950324315678877
42 39 0.21073812427498606
43 1 0.8122955856963328
43 17 0.8276322540843448
43 40 0.23667977674411778
43 6 0.38298975854385997
14 44 0.5411848792406695
44 12 0.7585616826648112
2 44 0.24565159896945976
44 4 0.9404063067862816
25 45 0.335806809471233
45 6 0.3042285814572341
13 45 0.06408563605474815
9 45 0.6083573428636128
14 46 0.6259686137172156
1 46 0.06915316799461091
46 33 0.7007272037269191
46 41 0.2766546093285108
47 38 0.12730592379504257
47 30 0.7153111780373426
47 1 0.3469640593027823
47 17 0.3757053905259776
27 48 0.40757295695449214
48 30 0.9371334508396005
48 37 0.8296688881418117
48 37 0.9703966201364237
49 22 0.5931371101157636
23 49 0.08157324716735215
49 45 0.9564396065747909
49 9 0.2938063913232004
50 11 0.5197493499618946
50 1 0.5655149822668114
4 50 0.9472915752289989
50 4 0.22646721409311976
51 15 0.5184575948585944
3 51 0.48648517978264116
51 4 0.40180814413978305
51 22 0.7149706849101269
7 52 0.23018567206341978
3 52 0.25621638477499553
8 52 0.48131762670408496
16 52 0.0676038159626825
7 53 0.23072004351977005
53 5 0.7899740464007611
18 53 0.6482552593143013
53 3 0.41450818330045325
54 7 0.7970238077862306
54 25 0.6011621602536219
54 2 0.8102583542228666
3 54 0.838328697378307
55 40 0.9692755244965459
55 33 0.5413498692429721
42 55 0.8874430826249133
49 55 0.8733978357135657
37 56 0.14519498990976654
56 33 0.8666338173643846
3 56 0.040295395417329516
56 30 0.4634668087161009
32 57 0.08203114855984295
57 42 0.4147973743539901
33 57 0.46263089520839973
57 2 0.7769539399924373
58 16 0.09748553142612681
58 7 0.5528255324673365
42 58 0.03806555443114479
58 3 0.1151766794150414
59 6 0.4187526845489037
59 22 0.6280947244160223
1 59 0.9883597664746739
7 59 0.06419351395651973
38 60 0.8947717870558953
60 52 0.24815700514270278
25 60 0.41610646584004396
60 25 0.2431371840060056
3 61 0.015790786453555805
1 61 0.12673567021722265
31 61 0.39166675423194885
3 61 0.256250399277584
62 46 0.19902580627787547
14 62 0.8524425709435249
62 6 0.01296017926325388
62 10 0.23223853182755927
63 37 0.3316009512991055
37 63 0.23065965320450832
6 63 0.8728044032806265
63 33 0.900689208558701
64 2 0.7566105725056352
8 64 0.769777234572838
64 1 0.6012344368446043
28 64 0.6296232431186234
27 65 0.31840861255780806
65 7 0.4000659137050696
65 13 0.29120611787617534
14 65 0.5946176384985888
66 8 0.9580648897091147
66 27 0.7485421835019204
66 58 0.9459474360341952
11 66 0.8247055719585206
67 38 0.05309053703531785
9 67 0.7275687065462086
1 67 0.832907118056498
33 67 0.36638317319416547
56 68 0.4881491827782828
68 7 0.2580113017644302
31 68 0.8611696617388918
9 68 0.44743304106599335
58 69 0.5341722904903852
59 69 0.6920414309034731
54 69 0.19584908569370796
69 61 0.9565132400009971
70 23 0.287066168308855
13 70 0.40729875300541674
40 70 0.7397906220340379
70 51 0.31799553535557956
71 1 0.4369887634378986
71 11 0.36237481069222444
71 14 0.9312403806509656
29 71 0.053412864544644445
12 72 0.44453336409242106
6 72 0.7215522757551481
72 54 0.7287760836236727
72 25 0.8656247750249715
73 39 0.10995733527972174
73 4 0.706075149581396
40 73 0.5691686251146459
73 22 0.2656639298179586
59 74 0.49050604490527716
74 37 0.13726029398827833
11 74 0.6364874875190903
74 36 0.5617621526904764
13 75 0.28172178332068787
75 4 0.6129665168657092
13 75 0.6178323183757244
75 47 0.7798790375569853
76 3 0.5993960724969803
76 15 0.03323393156821075
76 4 0.7697826561946902
56 76 0.9334640884942166
77 52 0.9317965777865288
6 77 0.35742175298466383
17 77 0.5740563309352262
5 77 0.3037642817729197
3 78 0.9327766579703304
69 78 0.8865921279490311
13 78 0.3803847829110928
9 78 0.05211926086408003
79 34 0.9568039643158931
79 52 0.061522264874633414
79 33 0.31860150274447285
40 79 0.41305479088624386
80 17 0.15126826531797344
80 3 0.4264926728047209
80 1 0.12212160276405326
80 64 0.20081659807101349
