1 2 0.721060976797795
1 3 0.0580226035508703
3 2 0.4006941208510001
1 4 0.9094496192913727
2 4 0.8380613242487768
4 3 0.07730245250880974
1 5 0.059653574740947346
2 5 0.33027065853973847
3 5 0.19121027058729712
5 4 0.911309771087468
1 6 0.5512885629549052
4 6 0.26494681698281675
6 1 0.3878710680993148
2 6 0.292924727388467
7 2 0.5797441045733759
7 6 0.13177835292901496
2 7 0.09481561277818318
7 3 0.4697850714901194
3 8 0.6742764685040126
1 8 0.8255065783086066
2 8 0.24919007123943493
2 8 0.5827909271488
2 9 0.08564228677003716
9 1 0.953215078546978
9 5 0.8768661834756051
2 9 0.018107206221323224
8 10 0.08258816449906248
10 6 0.1839211146337869
10 5 0.2062754988646186
2 10 0.8890765985701286
1 11 0.7190218765183775
7 11 0.4071041173758112
11 5 0.9618615836167982
1 11 0.023568637230631517
12 5 0.23515464122969965
3 12 0.6886796432595903
12 3 0.681004271166949
5 12 0.8935160600259666
9 13 0.16587487364448028
13 1 0.8941171838240992
13 2 0.5674572287441771
13 2 0.8286894804579253
14 3 0.010455520337913748
14 2 0.14921669713231867
14 2 0.5807672486012683
14 4 0.2580327727167492
15 12 0.8158808810836415
15 6 0.17080658354788036
15 10 0.2981955446154063
15 9 0.0895386043140054
16 6 0.8352295867196844
16 3 0.044551541709689224
16 11 0.6106172362843361
9 16 0.16849397622947804
17 2 0.8057827174783736
15 17 0.16880450150218063
15 17 0.11350313811743429
17 9 0.41586049832112537
8 18 0.13963061618148165
18 6 0.9035334737950614
5 18 0.7289507077652375
8 18 0.3130161109382553
19 3 0.6864676786267386
2 19 0.4965744256973792
2 19 0.5720503977502246
4 19 0.5819460640611757
20 12 0.6646177546883063
9 20 0.29727931868664614
20 2 0.4550137523986726
4 20 0.12880954791250587
1 21 0.5130827799877983
2 21 0.7040556350046054
2 21 0.12469465226190113
1 21 0.8096768817230647
22 6 0.4085468746316514
22 8 0.6325318674668818
22 12 0.8333080766996722
22 3 0.8974982455936515
11 23 0.37539783923724923
23 12 0.5424056587689184
23 13 0.9315721292943961
3 23 0.12341194515800269
20 24 0.9700142313598631
2 24 0.47817116956230143
6 24 0.39013844971420286
24 2 0.40477057384461
25 14 0.7239982251709428
11 25 0.429877661251582
9 25 0.9723442911663929
2 25 0.9634514666303111
26 3 0.9020868377189836
2 26 0.7755815095335725
18 26 0.8584630554745043
2 26 0.35543022800599144
11 27 0.8479240145546378
27 11 0.3145219972280635
3 27 0.10808554232549672
27 19 0.6774604405263633
9 28 0.7562785536815043
28 14 0.04820353890273266
28 2 0.9280150159489101
28 10 0.5654048395291869
29 22 0.7156527392638863
29 18 0.988245987460312
29 2 0.6918390197291011
29 3 0.8497809430448512
12 30 0.4145298530608287
30 2 0.9120735387460827
30 3 0.6521156224636644
1 30 0.005965255479140619
