1 2 0.2247053208101456
1 3 0.4740010663431766
2 3 0.7428084515587566
1 4 0.49686945106019653
4 2 0.3139323723678429
3 4 0.4352425798041313
1 5 0.7228519115578315
2 5 0.6179146199892226
3 5 0.5153248832613738
5 4 0.5701648792933479
6 2 0.056531334570490754
1 6 0.8565664699720017
6 4 0.2132821438371868
4 6 0.11001402661679138
1 7 0.13621546481106694
3 7 0.29372630049507453
7 3 0.0971495896644422
7 6 0.49670813826760263
6 8 0.5182601126088664
8 1 0.4123498063338308
5 8 0.20041670322007488
1 8 0.4803203430731624
1 9 0.4618955078694288
9 6 0.9976772645054545
9 5 0.44860351920192865
5 9 0.013934611208470837
10 4 0.5901696395552097
10 9 0.8951703914912352
1 10 0.9940886844465403
10 2 0.47342394984720104
1 11 0.11517366151672215
11 7 0.5598611675046383
11 10 0.8286783998981778
1 11 0.8959948154692048
1 12 0.12057241513850436
12 1 0.3395970742723674
12 11 0.37373006214949467
12 3 0.9104686116142446
10 13 0.3302077494028184
13 3 0.3521352768738305
1 13 0.4313658438609689
13 3 0.9883180914612265
1 14 0.0756667357716938
11 14 0.3971585578202068
14 10 0.19143315460685628
1 14 0.07077493282295744
15 3 0.9006215431121171
4 15 0.7090021794670861
11 15 0.8953041735463119
1 15 0.8132405106722628
3 16 0.01758488313007922
10 16 0.922376796154602
16 10 0.6436887391171514
10 16 0.2538113200513633
17 14 0.3896859090854664
3 17 0.28437472036554
17 16 0.5636171473913312
17 3 0.40861427604639844
16 18 0.39142793759928085
18 7 0.9465340637553786
18 14 0.5477151063280902
18 2 0.18534449094246164
19 2 0.9238666326891439
19 1 0.04830156557738685
18 19 0.30999450667581174
19 5 0.9460376879030461
15 20 0.5563515392998077
3 20 0.22330548217481416
9 20 0.5098089192995374
1 20 0.777016044292502
21 5 0.021061705091318772
5 21 0.00901164507308494
4 21 0.38551025205032263
21 10 0.7725627830740125
22 10 0.1860829284306985
1 22 0.09249893205880833
22 20 0.6213421771651175
2 22 0.045862688676122976
3 23 0.25598335378776294
5 23 0.008397614463182657
6 23 0.9781052276916181
23 17 0.5535696646218448
24 10 0.7290994938097939
15 24 0.4453612936716519
24 5 0.7370052748865398
4 24 0.8787777271788013
11 25 0.82280831173277
15 25 0.20721814243429415
10 25 0.14336802967575235
7 25 0.572439075820996
4 26 0.4162430584066924
26 1 0.7065005215928559
26 4 0.018116401720916553
18 26 0.8406042635702654
27 3 0.8024701917240044
27 10 0.9577120886282131
2 27 0.10937418032877522
27 4 0.726558979045858
28 4 0.4666456961179477
18 28 0.561270872664184
28 10 0.9057855897496078
28 16 0.9228193547891596
29 5 0.27383389671095104
29 11 0.6903913106215733
4 29 0.7332625560376991
29 3 0.634530711986996
30 10 0.6981686940046521
16 30 0.1676057841860108
30 1 0.39996625135982544
15 30 0.4157142038541798
1 31 0.49028702702950977
3 31 0.40219599689037844
31 26 0.5842772331940657
31 1 0.14701653184432872
32 30 0.14341595764976967
32 15 0.1484139062082206
32 3 0.00030813856527811545
32 3 0.29935905329140267
33 20 0.8753200977922272
13 33 0.6115492016162021
18 33 0.5581692464178896
33 26 0.5090497491008363
19 34 0.24286584520556176
6 34 0.7344963902709294
3 34 0.3614636498677605
20 34 0.15273180362252137
23 35 0.30719016967174173
35 30 0.6029561106894455
8 35 0.11328049012738484
3 35 0.7320542474729905
36 26 0.4717707302270211
36 8 0.5441368144933484
16 36 0.3676745282748357
10 36 0.37605570620931306
3 37 0.6791146368062456
37 11 0.8537982460393669
14 37 0.052634597787881265
37 10 0.40015469563284145
7 38 0.41042957633970223
38 1 0.8877922654556312
38 18 0.3860831972451243
38 26 0.4921342380827881
4 39 0.9352883172351915
39 1 0.6252854097072008
12 39 0.3350574841834385
39 21 0.7853916049348922
35 40 0.15301840395087574
40 2 0.24472859002871628
15 40 0.8742528544273607
40 22 0.44951581335544233
41 3 0.20224808128808336
41 13 0.3896630435319197
14 41 0.9623479618313185
41 10 0.2702254595257021
42 18 0.4708631221332873
42 10 0.5144159084974652
24 42 0.4075100153101945
42 3 0.37534848939696275
40 43 0.6785806182072487
43 7 0.5695464903902041
22 43 0.22961417450278532
43 29 0.924313127821124
3 44 0.7938732463023078
44 30 0.6384747756295188
44 3 0.5317536594587297
44 35 0.49355872598143236
45 3 0.4564779177104409
7 45 0.8799832722131967
8 45 0.3557798015307936
45 34 0.4822030423867453
24 46 0.8531979986811834
46 15 0.9285833970024623
11 46 0.2860259114069901
8 46 0.8240295478364738
47 10 0.5623428572436002
47 28 0.3848332809543653
4 47 0.18960220893964785
5 47 0.10383664788963232
4 48 0.293479868882221
48 42 0.7757450039186348
20 48 0.1670622168874628
13 48 0.24292799259004982
49 26 0.21288675392768375
49 8 0.675148211101397
49 14 0.6224428575056064
16 49 0.5946258905714075
50 31 0.8465763907673229
10 50 0.9369562108637213
3 50 0.26346170421048143
15 50 0.1753320088765581
38 51 0.9156820619926196
4 51 0.8046406890139348
19 51 0.8462163895509481
51 17 0.25078060447296635
52 26 0.5509390751335942
52 29 0.28861167364254314
3 52 0.07919129301253236
52 11 0.3445374190553765
37 53 0.044972263832034454
52 53 0.5356986925947598
53 10 0.5954770446227733
35 53 0.2819915956316025
54 45 0.2900634354365985
54 6 0.2321048984436972
35 54 0.206606957090264
54 24 0.8179126737197323
55 16 0.3520526339559702
44 55 0.16216991151858495
10 55 0.366556609105374
13 55 0.5361569442492944
