1 2 0.8253730577020464
1 3 0.9925482282008313
3 2 0.46536249773259264
1 4 0.9520362605308339
2 4 0.39016925469327
4 3 0.814147741044707
1 5 0.781481931458358
2 5 0.8972512580487421
5 3 0.6150991912375624
4 5 0.4559999215548791
4 6 0.3532159238531337
4 6 0.23698088028277986
5 6 0.3152385418030965
5 6 0.8328611534698582
4 7 0.5058732805227896
7 3 0.007253897819255117
7 2 0.9420931185760623
7 3 0.1518743149534012
8 4 0.15116016706321478
2 8 0.7316350595698905
8 5 0.6466183362896113
1 8 0.843420269402902
8 9 0.9126918806272803
4 9 0.20905595534328925
9 2 0.7562283068259014
5 9 0.9975200262385335
10 3 0.46945143635339825
10 5 0.2910807059956467
10 2 0.3547242377000466
7 10 0.39751202748334735
