1 2 0.8013232035499287
3 1 0.08551210094802708
2 3 0.7566487487747485
4 1 0.13083098670601867
4 2 0.4686437289451344
3 4 0.02741044603646381
5 1 4.853341970223468e-05
2 5 0.858281596658804
3 5 0.08878786111309755
4 5 0.1063465716326718
4 6 0.7991346303618636
6 4 0.3236178308754589
6 4 0.5194575297611126
5 6 0.6085731914249596
7 6 0.7676531177030347
6 7 0.21955436642313797
7 6 0.8737162943966645
4 7 0.06652645199739138
7 8 0.11290257087089506
8 7 0.0656900212228031
2 8 0.6606520992696867
8 4 0.9386432046368423
2 9 0.7274608016471181
9 4 0.5090409162257408
4 9 0.5143741268214801
8 9 0.7292440630419166
10 4 0.7443144745684207
2 10 0.20975832779287096
10 5 0.7659155147837683
10 5 0.7442660878125877
11 10 0.05044744325849948
1 11 0.14474766179048526
11 4 0.7916349627173473
5 11 0.7246368815350299
2 12 0.9581383352583437
2 12 0.9756170931720854
12 8 0.8195658230770718
12 2 0.8867602495621516
9 13 0.7762299718933596
13 2 0.3015304449868106
7 13 0.7794181314271064
10 13 0.23007821621319646
13 14 0.43619738184387724
14 4 0.03246902064217638
10 14 0.8722656880182634
2 14 0.37755547385531607
7 15 0.7348309316887146
15 4 0.8910338941748258
5 15 0.2606624516989595
15 9 0.012221117988501673
