2 1 0.05303698288628089
3 1 0.15499927495805788
3 2 0.43375241976526424
4 1 0.07809804018212585
4 2 0.5830555121278181
4 3 0.5248979233009206
5 1 0.1575643254044793
5 2 0.0376154045415974
5 3 0.5713490529208669
4 5 0.11604951022452381
6 5 0.43775901876737755
6 2 0.1720110974857717
1 6 0.6840473873948745
6 1 0.23564815932944772
5 7 0.5395229350566181
7 1 0.1454226991203822
7 6 0.6511015597197101
7 3 0.5146003162029754
7 8 0.8915442584556232
8 1 0.23964031868024593
6 8 0.6821429006493475
1 8 0.7834951210871368
9 5 0.6070149043396837
7 9 0.7741683516910925
2 9 0.8676426874313975
9 6 0.025790428854208347
10 5 0.4373320596187904
7 10 0.4985249790676669
10 5 0.8753755777587153
10 7 0.9971287412027353
8 11 0.5961555665859647
11 10 0.9582976471476561
11 10 0.5073361979155842
5 11 0.2694565339920627
12 7 0.6536700024654494
12 2 0.18423231786632388
12 6 0.8152011537033049
12 6 0.6971018862955639
5 13 0.2999546053100771
5 13 0.24162755906302602
13 2 0.6693108686350397
1 13 0.16870743577878833
4 14 0.11627128444944723
14 2 0.8917701309983693
14 2 0.23313475131829298
14 1 0.9931016853618754
15 2 0.23425231591987472
15 8 0.027173844214018028
1 15 0.9589789245953988
15 1 0.44892867514635015
16 7 0.5211261862709774
8 16 0.8030924544913699
14 16 0.6314668244876607
16 2 0.7627964380544472
17 7 0.4316261805327015
17 2 0.7305625763930368
10 17 0.5341010801861235
17 6 0.2981271631451502
3 18 0.10417798132981082
15 18 0.8822012340590752
18 5 0.8582843041421679
18 5 0.0971602853645267
10 19 0.44642413944799086
16 19 0.9684674073942131
19 14 0.39521823646881404
5 19 0.17462968444454385
15 20 0.5994473216095144
6 20 0.6294763708221743
10 20 0.8850600282625942
20 5 0.9481613143248839
5 21 0.5318560190936774
21 7 0.9857065938154074
7 21 0.19461199798879525
18 21 0.8935841256001267
22 20 0.0803077082757897
2 22 0.6708433671505988
2 22 0.3603646999713763
11 22 0.809711931534497
23 15 0.3277787038424562
21 23 0.33468624378486533
6 23 0.894269712971878
23 7 0.9373447871981692
2 24 0.9117337210006731
24 10 0.8197840352944458
20 24 0.5271541112515667
5 24 0.35315944565578705
6 25 0.27430931762570865
22 25 0.7913353200542953
4 25 0.22875601830923897
12 25 0.8662886203655438
