2 1 0.05303698288628089
3 1 0.15499927495805788
3 2 0.43375241976526424
4 1 0.07809804018212585
4 2 0.5830555121278181
4 3 0.5248979233009206
5 1 0.1575643254044793
5 2 0.0376154045415974
5 3 0.5713490529208669
4 5 0.11604951022452381
6 5 0.43775901876737755
6 2 0.1720110974857717
1 6 0.6840473873948745
6 1 0.23564815932944772
5 7 0.5395229350566181
7 1 0.1454226991203822
7 6 0.6511015597197101
7 3 0.5146003162029754
7 8 0.8915442584556232
8 1 0.23964031868024593
6 8 0.6821429006493475
1 8 0.7834951210871368
9 5 0.6070149043396837
7 9 0.7741683516910925
2 9 0.8676426874313975
9 6 0.025790428854208347
10 5 0.4373320596187904
7 10 0.4985249790676669
10 5 0.8753755777587153
10 7 0.9971287412027353
8 11 0.5961555665859647
11 10 0.9582976471476561
11 10 0.5073361979155842
5 11 0.2694565339920627
12 7 0.6536700024654494
12 2 0.18423231786632388
12 6 0.8152011537033049
12 6 0.6971018862955639
5 13 0.2999546053100771
5 13 0.24162755906302602
13 2 0.6693108686350397
1 13 0.16870743577878833
4 14 0.11627128444944723
14 2 0.8917701309983693
14 2 0.23313475131829298
14 1 0.9931016853618754
15 2 0.23425231591987472
15 8 0.027173844214018028
1 15 0.9589789245953988
15 1 0.44892867514635015
16 7 0.5211261862709774
8 16 0.8030924544913699
14 16 0.6314668244876607
16 2 0.7627964380544472
17 7 0.4316261805327015
17 2 0.7305625763930368
10 17 0.5341010801861235
17 6 0.2981271631451502
3 18 0.10417798132981082
15 18 0.8822012340590752
18 5 0.8582843041421679
18 5 0.0971602853645267
10 19 0.44642413944799086
16 19 0.9684674073942131
19 14 0.39521823646881404
5 19 0.17462968444454385
15 20 0.5994473216095144
6 20 0.6294763708221743
10 20 0.8850600282625942
20 5 0.9481613143248839
5 21 0.5318560190936774
21 7 0.9857065938154074
7 21 0.19461199798879525
18 21 0.8935841256001267
22 20 0.0803077082757897
2 22 0.6708433671505988
2 22 0.3603646999713763
11 22 0.809711931534497
23 15 0.3277787038424562
21 23 0.33468624378486533
6 23 0.894269712971878
23 7 0.9373447871981692
2 24 0.9117337210006731
24 10 0.8197840352944458
20 24 0.5271541112515667
5 24 0.35315944565578705
6 25 0.27430931762570865
22 25 0.7913353200542953
4 25 0.22875601830923897
12 25 0.8662886203655438
26 5 0.6510740955946255
26 1 0.6179383487608027
26 17 0.7195541779134945
26 4 0.1806247556748175
14 27 0.40819729774649016
11 27 0.6097956237124027
27 18 0.22933302362814934
27 10 0.8470869340212399
28 6 0.28138036136672195
28 21 0.17971822675576965
28 21 0.07530275215481363
28 5 0.5717076971403042
1 29 0.06341509693481107
8 29 0.3238474166157077
29 16 0.6587748887613727
29 21 0.7357518050020331
6 30 0.9727731323448723
30 3 0.017729071207363445
30 21 0.6248657421711209
30 6 0.3939762857382101
13 31 0.3375956849109705
31 8 0.06978515300251686
23 31 0.19387778025679903
31 14 0.971997525653621
2 32 0.5741508072687478
32 16 0.5948804754479433
32 23 0.47193995805049316
32 15 0.7052541289691702
5 33 0.17208893838013029
33 2 0.5360679614732359
33 4 0.45582299119483205
5 33 0.6756467448563455
6 34 0.1370291081753533
8 34 0.9066803394965677
34 6 0.39824701120246775
34 7 0.9855606591975735
35 10 0.0787321541720446
35 24 0.52672783668463
25 35 0.7550245398168013
35 14 0.26986480189484796
35 36 0.9403799429217511
1 36 0.7248723869705271
7 36 0.36025567923908564
36 8 0.7281027071165911
37 31 0.7742693678752541
37 8 0.06492605996781442
7 37 0.6421331078438711
8 37 0.9434228222280039
38 20 0.18729473902034965
38 27 0.3611620667829978
38 11 0.6592645431844555
5 38 0.548064647111318
39 13 0.2569717076828475
39 23 0.5769975430896276
9 39 0.4935420720282584
39 12 0.39516347125946105
2 40 0.9905729401006927
40 5 0.9103457873482634
40 18 0.41422024324970186
40 5 0.3111392827185937
23 41 0.7728297629106645
41 24 0.8021529204647682
41 4 0.46934757091481205
41 35 0.6272682400919531
42 41 0.8558512877445641
33 42 0.09970947295638166
42 7 0.4936191248851546
42 20 0.5315576623288543
28 43 0.6918890834558196
7 43 0.23019997113809232
43 38 0.46331230475239615
14 43 0.09601545202356199
44 32 0.46953825075111255
11 44 0.5822677172660471
18 44 0.05646420543669284
1 44 0.4708958763160793
45 15 0.1948054317312342
45 7 0.14362106240530126
45 4 0.21321416455511633
45 35 0.47281655738434003
46 21 0.7329299856741988
46 31 0.977477507004694
10 46 0.5934915973379715
13 46 0.8096109513244764
47 41 0.4546573445036046
5 47 0.5993512459724522
47 13 0.11664075078757219
7 47 0.215323778728156
48 21 0.4198801098457503
10 48 0.27231483525081623
48 37 0.18690649291167105
46 48 0.8756810425875506
2 49 0.3543394142824309
49 11 0.12900974335315318
27 49 0.6840489685459181
49 22 0.2930137437293179
50 24 0.564534302761118
50 33 0.159197456306986
40 50 0.05835124596107211
5 50 0.8842194330955048
